0.0000000000000000e+00 1.0000000000000001e-01 -9.6184986198919646e+01
5.0000000000000003e-02 -3.8285686989269499e-17 9.9759543864517752e+01
6.1232339957367663e-18 -1.0000000000000001e-01 -8.5647800791191855e+01
-5.0000000000000003e-02 7.0448139982802221e-17 7.0268591832423596e+01
0.0000000000000000e+00 3.0000000000000004e-01 1.0741643912054711e+01
9.4554510782509080e-02 2.3289005552560960e-01 8.4317466317903083e+01
1.3742929084100367e-01 1.2021963265521705e-01 -2.1114933372657433e+02
1.5000000000000002e-01 -4.8243679490299096e-17 2.8147332059132560e+02
1.3742929084100369e-01 -1.2021963265521703e-01 -2.3851552554047876e+02
9.4554510782508691e-02 -2.3289005552561023e-01 1.0721101824776653e+02
