-0.606324 -0.49348 10
0.602584 -0.376699 10
0.635365 0.587206 10
0.652475 0.155405 10
0.756848 0.341376 10
-0.500944 0.631117 10
-0.477985 0.512883 10
-0.172935 -0.523605 10
0.52292 0.716755 10
0.509468 0.632185 10
0.180651 0.204884 10
0.468461 -0.57594 10
0.621377 -0.510618 10
0.41781 0.132376 10
0.845042 0.62483 10
0.33173 -0.60803 10
0.843726 0.498965 10
-0.595601 -0.258035 10
-0.790411 -0.44145 10
0.549466 0.879409 10
0.225423 0.687436 10
-0.605485 -0.379093 10
0.584491 -0.467772 10
0.158184 0.592804 10
-0.161846 -0.144506 10
-0.717579 -0.344799 10
-0.516664 0.421327 10
-0.198989 -0.414255 10
-0.391946 0.556319 10
0.626774 0.18437 10
-0.774107 -0.415922 10
0.401345 -0.598931 10
-0.233715 -0.0433909 10
0.371662 0.522559 10
0.653792 0.289598 10
-0.102695 0.00234982 10
0.500662 0.62709 10
-0.504703 -0.544604 10
0.843836 0.356804 10
0.799927 0.377313 10
-0.649219 0.579561 10
0.673424 0.232124 10
-0.693177 -0.225659 10
-0.653793 -0.290741 10
-0.483283 -0.529473 10
0.0644961 -0.0143372 10
0.108636 -0.162202 10
-0.622522 -0.728257 10
0.191733 0.46114 10
0.380403 -0.57015 10
-0.818376 -0.445165 10
-0.42069 -0.531771 10
0.439023 0.653784 10
0.508325 -0.586373 10
-0.421702 0.452419 10
-0.191982 -0.634176 10
-0.65049 -0.784033 10
0.793612 0.24298 10
0.57227 0.147293 10
0.51155 -0.373269 10
0.460438 0.587724 10
0.345834 0.436698 10
-0.416657 -0.749026 10
0.414272 0.663161 10
-0.372727 -0.417459 10
-0.610321 0.338224 10
0.527434 0.579662 10
0.38516 -0.61208 10
0.832908 0.688212 10
0.773882 0.635676 10
-0.180794 -0.609755 10
-0.157778 0.229692 10
0.38952 0.66177 10
0.366182 0.427183 10
0.282379 -0.0624218 10
0.476789 -0.604973 10
0.2242 0.128863 10
-0.366126 0.527587 10
-0.761486 -0.302125 10
0.184216 0.117744 10
0.0211858 0.0690985 10
0.718049 0.256381 10
0.431224 -0.414234 10
0.40261 0.664532 10
0.203052 0.694616 10
0.294411 0.161271 10
0.527445 0.77061 10
-0.22573 0.161921 10
-0.588843 -0.680637 10
0.532564 0.801411 10
-0.690442 -0.252784 10
-0.395458 -0.460954 10
0.704362 0.214078 10
-0.220533 -0.491024 10
-0.635114 -0.365694 10
-0.21859 0.158945 10
-0.605916 0.361386 10
-0.80065 -0.532823 10
0.848834 0.355472 10
0.626892 0.168855 10
-0.0506983 -0.0862562 10
0.291232 0.74101 10
0.154348 0.125357 10
-0.146858 -0.248977 10
-0.552675 -0.803344 10
0.205061 0.46327 10
0.185306 0.446053 10
-0.121389 -0.178776 10
-0.687704 -0.239571 10
-0.465369 0.545301 10
-0.0317581 0.241797 10
0.551774 -0.337863 10
-0.471514 -0.743802 10
-0.00522784 0.135739 10
-0.628458 -0.49266 10
-0.0613944 0.144155 10
0.812787 0.503627 10
0.459602 0.529154 10
-0.512015 0.565527 10
0.811354 0.430748 10
-0.743178 -0.598838 10
0.381281 0.186735 10
0.172058 -0.221776 10
0.766743 0.651534 10
0.340191 -0.406767 10
0.420586 0.791483 10
0.462714 0.833797 10
-0.609529 -0.359703 10
0.465976 -0.34568 10
0.164584 0.157453 10
0.312386 0.267154 10
0.0580667 -0.073675 10
0.0490197 -0.126334 10
0.346293 0.144013 10
0.418653 0.305007 10
0.257911 0.701898 10
-0.419013 -0.35933 10
0.637489 0.283809 10
-0.0887581 0.242436 10
0.614351 -0.605052 10
-0.43245 -0.195069 10
-0.527199 -0.63176 10
-0.103656 -0.150713 10
-0.40206 0.583091 10
0.458652 0.557475 10
-0.516244 -0.506953 10
-0.362669 0.625465 10
0.188844 -0.0966445 10
-0.304672 -0.630281 10
0.330353 0.236092 10
-0.331618 0.491226 10
0.184362 0.572423 10
0.706171 0.618944 10
-0.399209 0.486998 10
-0.0160605 0.07052 10
0.498137 0.18314 10
0.0257145 0.183279 10
0.365689 0.140405 10
-0.221449 0.108748 10
0.558144 0.718916 10
0.827891 0.368819 10
-0.775791 -0.712536 10
0.357142 0.493987 10
0.432001 0.639539 10
-0.753411 -0.585103 10
0.117006 0.521841 10
0.579129 -0.577629 10
0.0989952 -0.187268 10
-0.72902 -0.636077 10
-0.550516 -0.522941 10
-0.415398 0.407638 10
0.217994 -0.171235 10
0.0504694 0.238719 10
0.153663 0.615335 10
-0.105535 0.272548 10
0.7171 0.304315 10
0.440189 0.263629 10
-0.5942 -0.721873 10
0.504698 0.464806 10
-0.642753 -0.754793 10
0.552063 0.531015 10
0.764943 0.3944 10
-0.397718 -0.438223 10
0.785282 0.229782 10
-0.0531933 -0.0190505 10
-0.182331 -0.436304 10
0.301943 0.760103 10
0.499106 0.473821 10
-0.489812 -0.271308 10
-0.0475967 0.0419336 10
-0.413442 -0.726339 10
-0.409809 0.343212 10
0.683795 0.544636 10
-0.250634 -0.400634 10
0.545054 0.72431 10
0.0569931 -0.116994 10
-0.312642 -0.574052 10
-0.0921086 -0.0687609 10
0.442687 0.242113 10
-0.802201 -0.592848 10
0.459114 0.323033 10
0.0577296 0.261442 10
-0.366654 -0.357518 10
0.63708 -0.600062 10
0.753186 0.789454 10
0.361251 -0.456665 10
-0.683684 -0.670111 10
-0.553016 -0.546787 10
-0.510776 -0.607722 10
0.019382 -0.246359 10
-0.547677 -0.806538 10
0.592705 -0.400835 10
0.728178 0.490557 10
0.564739 -0.437077 10
0.182299 -0.0928052 10
0.222678 0.54382 10
0.743306 0.741573 10
-0.385528 0.426775 10
0.462568 0.37926 10
-0.421459 0.546049 10
-0.562667 -0.73677 10
-0.479008 -0.694376 10
-0.381049 -0.287278 10
-0.277886 -0.423727 10
0.414209 -0.39404 10
0.182466 0.701694 10
-0.631612 0.491373 10
0.512624 -0.333864 10
0.748295 0.586328 10
0.408006 -0.639964 10
0.126975 0.0636825 10
0.311211 0.527673 10
0.605719 0.317212 10
-0.611026 0.487426 10
0.167098 0.42232 10
-0.0657001 -0.221711 10
-0.296105 -0.637202 10
0.238148 0.552649 10
0.370655 -0.403216 10
-0.376599 0.492647 10
-0.11708 0.234158 10
-0.225256 0.115751 10
-0.576282 0.429835 10
0.240536 0.686051 10
0.465195 0.532051 10
0.175186 0.359467 10
-0.438907 -0.707867 10
-0.465439 -0.634884 10
-0.49294 -0.848732 10
0.467929 0.481322 10
-0.421451 0.676921 10
0.658793 0.335021 10
-0.163053 -0.438266 10
0.395762 -0.430884 10
0.127452 0.0941165 10
-0.184358 -0.496961 10
-0.282874 -0.255036 10
-0.661552 -0.700655 10
-0.63965 -0.593435 10
0.140186 0.105511 10
0.868722 0.616729 10
-0.637162 -0.774233 10
-0.525708 0.427179 10
-0.407116 -0.40469 10
0.55668 0.12416 10
-0.232428 -0.419884 10
-0.134465 0.0479158 10
0.638271 -0.573745 10
0.24372 0.202373 10
0.211616 0.636025 10
-0.759012 -0.707493 10
0.213245 0.00167671 10
-0.494396 0.686351 10
-0.371792 -0.715868 10
0.407232 0.341278 10
-0.143636 -0.0983122 10
-0.190984 0.135229 10
0.795782 0.712906 10
0.231718 0.476031 10
-0.456683 0.534042 10
0.794462 0.51928 10
0.234695 0.511512 10
-0.102471 -0.225872 10
0.126027 0.130854 10
0.0866355 0.0827663 10
0.466985 0.611136 10
-0.386885 -0.384321 10
-0.309842 0.481805 10
0.526951 0.467083 10
0.475999 0.110908 10
0.158737 -0.112787 10
-0.593404 0.663207 10
0.41892 0.785995 10
0.218512 0.52912 10
-0.64573 -0.787441 10
0.608833 0.657246 10
0.639156 0.303134 10
-0.643693 -0.543601 10
-0.296333 -0.467693 10
0.218116 -0.124452 10
0.170764 0.0343321 10
0.564389 -0.314508 10
0.787428 0.308656 10
0.564625 -0.355351 10
-0.385819 -0.45641 10
0.727099 0.346591 10
0.460099 0.883224 10
-0.112927 0.0319102 10
-0.132312 0.236296 10
-0.574794 -0.560313 10
-0.476494 -0.429493 10
0.285243 0.0782798 10
-0.350598 -0.506294 10
0.716762 0.621401 10
-0.114369 -0.202787 10
-0.233961 -0.182319 10
0.00129504 -0.234343 10
-0.268382 -0.697783 10
0.355708 0.388988 10
-0.272422 -0.595872 10
-0.828368 -0.386402 10
0.231083 -0.184314 10
0.234695 0.522844 10
0.815634 0.359731 10
-0.00725659 0.0385182 10
-0.679021 -0.30754 10
0.310434 -0.529434 10
-0.64132 -0.667576 10
0.680338 0.438822 10
-0.724124 -0.352386 10
-0.0856676 0.184593 10
0.448228 -0.624233 10
0.31912 -0.55403 10
-0.444727 -0.522378 10
-0.530471 0.37837 10
-0.420945 -0.815362 10
0.322887 0.765446 10
-0.273728 -0.540198 10
0.470669 0.540616 10
0.562538 0.581779 10
-0.579499 0.356433 10
0.807434 0.535239 10
-0.683139 0.482906 10
0.0627158 0.0645609 10
-0.739364 -0.495552 10
-0.742094 -0.378847 10
0.491795 -0.393571 10
-0.471394 -0.726978 10
-0.314678 -0.785131 10
0.278022 0.71676 10
-0.381841 0.393729 10
-0.607761 -0.644294 10
0.337869 0.556838 10
0.768768 0.685753 10
-0.524196 -0.167769 10
-0.76508 -0.693255 10
-0.578001 -0.462177 10
0.18492 -0.0558916 10
0.630583 0.212006 10
0.279549 0.377233 10
0.156005 -0.0318332 10
0.735453 0.763254 10
0.0101306 0.264268 10
-0.453699 0.683444 10
0.643272 -0.532815 10
-0.436764 -0.686282 10
-0.345305 0.45257 10
0.351808 0.830029 10
0.294546 0.436224 10
0.0781989 0.288161 10
-0.396045 -0.319972 10
-0.813977 -0.515043 10
-0.323937 -0.400791 10
0.482689 0.548442 10
-0.466494 -0.361078 10
-0.638515 0.477658 10
0.249806 0.492127 10
-0.820648 -0.632963 10
0.210766 0.342007 10
-0.334659 -0.61473 10
0.231492 0.679099 10
0.470963 -0.532277 10
0.0177388 0.135793 10
0.274768 0.0203937 10
0.508266 0.427286 10
0.819684 0.426932 10
-0.244183 0.0171202 10
0.713077 0.68807 10
0.192813 0.608659 10
-0.268736 -0.639625 10
0.602705 -0.340027 10
-0.345828 -0.331966 10
0.655338 0.259448 10
0.544272 -0.42853 10
-0.250406 -0.57271 10
0.00498201 -0.267311 10
-0.696054 -0.579348 10
-0.427946 -0.483446 10
0.723048 0.273097 10
-0.793267 -0.433701 10
-0.285952 0.00580686 10
-0.404134 -0.287329 10
0.527205 0.726537 10
-0.615588 -0.183632 10
0.419077 -0.568911 10
-0.171124 -0.0727829 10
0.73724 0.798715 10
0.00558184 -0.186008 10
-0.688495 0.458576 10
0.555975 0.271186 10
-0.188025 -0.138807 10
-0.619706 0.599004 10
0.455775 0.208435 10
-0.166127 -0.0926789 10
0.678925 0.684367 10
0.148984 -0.0254163 10
0.828008 0.332361 10
0.0367596 -0.181801 10
0.558965 0.521219 10
-0.399097 0.382325 10
0.347287 0.860699 10
-0.744708 -0.313955 10
0.599793 0.722938 10
0.526717 0.537823 10
0.668681 0.521398 10
-0.684139 -0.315801 10
-0.591585 -0.76903 10
-0.526461 -0.226276 10
-0.524918 -0.294087 10
-0.714259 -0.545102 10
0.464816 0.159289 10
-0.575444 0.515922 10
-0.019766 -0.207641 10
0.17376 0.388801 10
-0.409967 -0.315406 10
-0.575019 -0.351704 10
-0.6268 -0.629283 10
-0.361769 -0.257183 10
0.62095 0.303366 10
0.472107 0.70666 10
0.607225 -0.369523 10
-0.125914 -0.231206 10
0.482742 -0.548035 10
0.602145 0.249985 10
-0.422411 0.530526 10
0.304777 0.379256 10
0.152547 -0.136959 10
0.135094 0.531332 10
0.095436 -0.0073228 10
0.230302 0.68728 10
0.225904 0.77652 10
-0.207215 -0.65788 10
-0.0700964 -0.110807 10
0.451846 0.181803 10
-0.518917 0.564976 10
-0.452359 -0.798339 10
0.708661 0.463582 10
-0.580637 -0.764295 10
0.20336 -0.120994 10
0.458596 -0.383411 10
0.579066 0.355809 10
0.0800946 0.149764 10
0.514 0.802652 10
0.177586 0.685539 10
-0.1623 0.224314 10
-0.211469 -0.162861 10
0.646527 0.181082 10
0.228162 0.720246 10
0.477157 -0.418306 10
-0.469651 0.580005 10
0.681075 0.826258 10
0.625826 0.25511 10
-0.161127 -0.0576338 10
0.14398 -0.128206 10
0.647443 -0.417124 10
-0.598452 -0.186673 10
-0.517895 -0.259994 10
0.457048 -0.387227 10
-0.128641 -0.0662595 10
0.376644 0.25283 10
-0.44942 0.597932 10
-0.55823 -0.173338 10
-0.445564 -0.594377 10
0.299442 0.728478 10
0.498578 -0.392454 10
0.226837 0.452503 10
0.474225 0.297059 10
0.0480909 0.263629 10
0.477566 0.447236 10
0.772577 0.695374 10
-0.691402 -0.392025 10
0.0406831 -0.238864 10
-0.588227 -0.338168 10
-0.15732 -0.0777538 10
0.302883 0.555141 10
0.25383 0.12077 10
-0.219542 0.162394 10
-0.22764 0.0610817 10
0.599327 0.884109 10
0.617976 0.326191 10
