-9.9994999874993751e-01 0.0000000000000000e+00 -4.0000000000000001e-02
-9.9954989870441180e-01 0.0000000000000000e+00 -4.0000000000000001e-02
-9.9874921777190895e-01 0.0000000000000000e+00 -4.0000000000000001e-02
-9.9754699137434111e-01 0.0000000000000000e+00 -4.0000000000000001e-02
-9.9594176536582690e-01 0.0000000000000000e+00 -4.0000000000000001e-02
-9.9393158718294083e-01 0.0000000000000000e+00 -4.0000000000000001e-02
-9.9151399384980943e-01 0.0000000000000000e+00 -4.0000000000000001e-02
-9.8868599666425938e-01 0.0000000000000000e+00 -4.0000000000000001e-02
-9.8544406233941051e-01 0.0000000000000000e+00 -4.0000000000000001e-02
-9.8178409031721425e-01 0.0000000000000000e+00 -4.0000000000000001e-02
-9.7770138590471478e-01 0.0000000000000000e+00 -4.0000000000000001e-02
-9.7319062880814888e-01 0.0000000000000000e+00 -4.0000000000000001e-02
-9.6824583655185426e-01 0.0000000000000000e+00 -4.0000000000000001e-02
-9.6286032216516215e-01 0.0000000000000000e+00 -4.0000000000000001e-02
-9.5702664539708604e-01 0.0000000000000000e+00 -4.0000000000000001e-02
-9.5073655657074641e-01 0.0000000000000000e+00 -4.0000000000000001e-02
-9.4398093201081135e-01 0.0000000000000000e+00 -4.0000000000000001e-02
-9.3674969975975975e-01 0.0000000000000000e+00 -4.0000000000000001e-02
-9.2903175403212135e-01 0.0000000000000000e+00 -4.0000000000000001e-02
-9.2081485652654405e-01 0.0000000000000000e+00 -4.0000000000000001e-02
-9.1208552230588547e-01 0.0000000000000000e+00 -4.0000000000000001e-02
-9.0282888744213319e-01 0.0000000000000000e+00 -4.0000000000000001e-02
-8.9302855497458766e-01 0.0000000000000000e+00 -4.0000000000000001e-02
-8.8266641490429432e-01 0.0000000000000000e+00 -4.0000000000000001e-02
-8.7172243288790041e-01 0.0000000000000000e+00 -4.0000000000000001e-02
-8.6017440092111552e-01 0.0000000000000000e+00 -4.0000000000000001e-02
-8.4799764150615420e-01 0.0000000000000000e+00 -4.0000000000000001e-02
-8.3516465442450327e-01 0.0000000000000000e+00 -4.0000000000000001e-02
-8.2164469206585877e-01 0.0000000000000000e+00 -4.0000000000000001e-02
-8.0740324497737803e-01 0.0000000000000000e+00 -4.0000000000000001e-02
-7.9240141342630122e-01 0.0000000000000000e+00 -4.0000000000000001e-02
-7.7659513261415691e-01 0.0000000000000000e+00 -4.0000000000000001e-02
-7.5993420767853326e-01 0.0000000000000000e+00 -4.0000000000000001e-02
-7.4236109811869855e-01 0.0000000000000000e+00 -4.0000000000000001e-02
-7.2380936716790290e-01 0.0000000000000000e+00 -4.0000000000000001e-02
-7.0420167565833014e-01 0.0000000000000000e+00 -4.0000000000000001e-02
-6.8344714499367099e-01 0.0000000000000000e+00 -4.0000000000000001e-02
-6.6143782776614768e-01 0.0000000000000000e+00 -4.0000000000000001e-02
-6.3804388563797088e-01 0.0000000000000000e+00 -4.0000000000000001e-02
-6.1310684223877321e-01 0.0000000000000000e+00 -4.0000000000000001e-02
-5.8642987645583000e-01 0.0000000000000000e+00 -4.0000000000000001e-02
-5.5776339069537362e-01 0.0000000000000000e+00 -4.0000000000000001e-02
-5.2678268764263692e-01 0.0000000000000000e+00 -4.0000000000000001e-02
-4.9305172142484205e-01 0.0000000000000000e+00 -4.0000000000000001e-02
-4.5596052460711989e-01 0.0000000000000000e+00 -4.0000000000000001e-02
-4.1460824883255759e-01 0.0000000000000000e+00 -4.0000000000000001e-02
-3.6755951898978212e-01 0.0000000000000000e+00 -4.0000000000000001e-02
-3.1224989991991992e-01 0.0000000000000000e+00 -4.0000000000000001e-02
-2.4310491562286438e-01 0.0000000000000000e+00 -4.0000000000000001e-02
-1.4106735979665885e-01 0.0000000000000000e+00 -4.0000000000000001e-02
1.4106735979665885e-01 0.0000000000000000e+00 4.0000000000000001e-02
2.4310491562286438e-01 0.0000000000000000e+00 4.0000000000000001e-02
3.1224989991991992e-01 0.0000000000000000e+00 4.0000000000000001e-02
3.6755951898978212e-01 0.0000000000000000e+00 4.0000000000000001e-02
4.1460824883255759e-01 0.0000000000000000e+00 4.0000000000000001e-02
4.5596052460711989e-01 0.0000000000000000e+00 4.0000000000000001e-02
4.9305172142484205e-01 0.0000000000000000e+00 4.0000000000000001e-02
5.2678268764263692e-01 0.0000000000000000e+00 4.0000000000000001e-02
5.5776339069537362e-01 0.0000000000000000e+00 4.0000000000000001e-02
5.8642987645583000e-01 0.0000000000000000e+00 4.0000000000000001e-02
6.1310684223877321e-01 0.0000000000000000e+00 4.0000000000000001e-02
6.3804388563797088e-01 0.0000000000000000e+00 4.0000000000000001e-02
6.6143782776614768e-01 0.0000000000000000e+00 4.0000000000000001e-02
6.8344714499367099e-01 0.0000000000000000e+00 4.0000000000000001e-02
7.0420167565833014e-01 0.0000000000000000e+00 4.0000000000000001e-02
7.2380936716790290e-01 0.0000000000000000e+00 4.0000000000000001e-02
7.4236109811869855e-01 0.0000000000000000e+00 4.0000000000000001e-02
7.5993420767853326e-01 0.0000000000000000e+00 4.0000000000000001e-02
7.7659513261415691e-01 0.0000000000000000e+00 4.0000000000000001e-02
7.9240141342630122e-01 0.0000000000000000e+00 4.0000000000000001e-02
8.0740324497737803e-01 0.0000000000000000e+00 4.0000000000000001e-02
8.2164469206585877e-01 0.0000000000000000e+00 4.0000000000000001e-02
8.3516465442450327e-01 0.0000000000000000e+00 4.0000000000000001e-02
8.4799764150615420e-01 0.0000000000000000e+00 4.0000000000000001e-02
8.6017440092111552e-01 0.0000000000000000e+00 4.0000000000000001e-02
8.7172243288790041e-01 0.0000000000000000e+00 4.0000000000000001e-02
8.8266641490429432e-01 0.0000000000000000e+00 4.0000000000000001e-02
8.9302855497458766e-01 0.0000000000000000e+00 4.0000000000000001e-02
9.0282888744213319e-01 0.0000000000000000e+00 4.0000000000000001e-02
9.1208552230588547e-01 0.0000000000000000e+00 4.0000000000000001e-02
9.2081485652654405e-01 0.0000000000000000e+00 4.0000000000000001e-02
9.2903175403212135e-01 0.0000000000000000e+00 4.0000000000000001e-02
9.3674969975975975e-01 0.0000000000000000e+00 4.0000000000000001e-02
9.4398093201081135e-01 0.0000000000000000e+00 4.0000000000000001e-02
9.5073655657074641e-01 0.0000000000000000e+00 4.0000000000000001e-02
9.5702664539708604e-01 0.0000000000000000e+00 4.0000000000000001e-02
9.6286032216516215e-01 0.0000000000000000e+00 4.0000000000000001e-02
9.6824583655185426e-01 0.0000000000000000e+00 4.0000000000000001e-02
9.7319062880814888e-01 0.0000000000000000e+00 4.0000000000000001e-02
9.7770138590471478e-01 0.0000000000000000e+00 4.0000000000000001e-02
9.8178409031721425e-01 0.0000000000000000e+00 4.0000000000000001e-02
9.8544406233941051e-01 0.0000000000000000e+00 4.0000000000000001e-02
9.8868599666425938e-01 0.0000000000000000e+00 4.0000000000000001e-02
9.9151399384980943e-01 0.0000000000000000e+00 4.0000000000000001e-02
9.9393158718294083e-01 0.0000000000000000e+00 4.0000000000000001e-02
9.9594176536582690e-01 0.0000000000000000e+00 4.0000000000000001e-02
9.9754699137434111e-01 0.0000000000000000e+00 4.0000000000000001e-02
9.9874921777190895e-01 0.0000000000000000e+00 4.0000000000000001e-02
9.9954989870441180e-01 0.0000000000000000e+00 4.0000000000000001e-02
9.9994999874993751e-01 0.0000000000000000e+00 4.0000000000000001e-02
