0.0505076 0.0505076 1
-0.0505076 0.0505076 1
-0.0505076 -0.0505076 1
0.0505076 -0.0505076 1
0.206984 0.0554612 1
0.151523 0.151523 1
0.0554612 0.206984 1
-0.0554612 0.206984 1
-0.151523 0.151523 1
-0.206984 0.0554612 1
-0.206984 -0.0554612 1
-0.151523 -0.151523 1
-0.0554612 -0.206984 1
0.0554612 -0.206984 1
0.151523 -0.151523 1
0.206984 -0.0554612 1
0.352746 0.0558695 1
0.318217 0.162139 1
0.252538 0.252538 1
0.162139 0.318217 1
0.0558695 0.352746 1
-0.0558695 0.352746 1
-0.162139 0.318217 1
-0.252538 0.252538 1
-0.318217 0.162139 1
-0.352746 0.0558695 1
-0.352746 -0.0558695 1
-0.318217 -0.162139 1
-0.252538 -0.252538 1
-0.162139 -0.318217 1
-0.0558695 -0.352746 1
0.0558695 -0.352746 1
0.162139 -0.318217 1
0.252538 -0.252538 1
0.318217 -0.162139 1
0.352746 -0.0558695 1
0.496856 0.0559822 1
0.471942 0.16514 1
0.423362 0.266016 1
0.353553 0.353553 1
0.266016 0.423362 1
0.16514 0.471942 1
0.0559822 0.496856 1
-0.0559822 0.496856 1
-0.16514 0.471942 1
-0.266016 0.423362 1
-0.353553 0.353553 1
-0.423362 0.266016 1
-0.471942 0.16514 1
-0.496856 0.0559822 1
-0.496856 -0.0559822 1
-0.471942 -0.16514 1
-0.423362 -0.266016 1
-0.353553 -0.353553 1
-0.266016 -0.423362 1
-0.16514 -0.471942 1
-0.0559822 -0.496856 1
0.0559822 -0.496856 1
0.16514 -0.471942 1
0.266016 -0.423362 1
0.353553 -0.353553 1
0.423362 -0.266016 1
0.471942 -0.16514 1
0.496856 -0.0559822 1
0.640411 0.0560287 1
0.620952 0.166384 1
0.582626 0.271683 1
0.526598 0.368728 1
0.454569 0.454569 1
0.368728 0.526598 1
0.271683 0.582626 1
0.166384 0.620952 1
0.0560287 0.640411 1
-0.0560287 0.640411 1
-0.166384 0.620952 1
-0.271683 0.582626 1
-0.368728 0.526598 1
-0.454569 0.454569 1
-0.526598 0.368728 1
-0.582626 0.271683 1
-0.620952 0.166384 1
-0.640411 0.0560287 1
-0.640411 -0.0560287 1
-0.620952 -0.166384 1
-0.582626 -0.271683 1
-0.526598 -0.368728 1
-0.454569 -0.454569 1
-0.368728 -0.526598 1
-0.271683 -0.582626 1
-0.166384 -0.620952 1
-0.0560287 -0.640411 1
0.0560287 -0.640411 1
0.166384 -0.620952 1
0.271683 -0.582626 1
0.368728 -0.526598 1
0.454569 -0.454569 1
0.526598 -0.368728 1
0.582626 -0.271683 1
0.620952 -0.166384 1
0.640411 -0.0560287 1
0.783712 0.0560522 1
0.767758 0.167016 1
0.736175 0.274579 1
0.689605 0.376553 1
0.628997 0.470861 1
0.555584 0.555584 1
0.470861 0.628997 1
0.376553 0.689605 1
0.274579 0.736175 1
0.167016 0.767758 1
0.0560522 0.783712 1
-0.0560522 0.783712 1
-0.167016 0.767758 1
-0.274579 0.736175 1
-0.376553 0.689605 1
-0.470861 0.628997 1
-0.555584 0.555584 1
-0.628997 0.470861 1
-0.689605 0.376553 1
-0.736175 0.274579 1
-0.767758 0.167016 1
-0.783712 0.0560522 1
-0.783712 -0.0560522 1
-0.767758 -0.167016 1
-0.736175 -0.274579 1
-0.689605 -0.376553 1
-0.628997 -0.470861 1
-0.555584 -0.555584 1
-0.470861 -0.628997 1
-0.376553 -0.689605 1
-0.274579 -0.736175 1
-0.167016 -0.767758 1
-0.0560522 -0.783712 1
0.0560522 -0.783712 1
0.167016 -0.767758 1
0.274579 -0.736175 1
0.376553 -0.689605 1
0.470861 -0.628997 1
0.555584 -0.555584 1
0.628997 -0.470861 1
0.689605 -0.376553 1
0.736175 -0.274579 1
0.767758 -0.167016 1
0.783712 -0.0560522 1
0.926877 0.0560657 1
0.913361 0.16738 1
0.886527 0.276253 1
0.846764 0.381098 1
0.794654 0.480385 1
0.730956 0.572668 1
0.656599 0.656599 1
0.572668 0.730956 1
0.480385 0.794654 1
0.381098 0.846764 1
0.276253 0.886527 1
0.16738 0.913361 1
0.0560657 0.926877 1
-0.0560657 0.926877 1
-0.16738 0.913361 1
-0.276253 0.886527 1
-0.381098 0.846764 1
-0.480385 0.794654 1
-0.572668 0.730956 1
-0.656599 0.656599 1
-0.730956 0.572668 1
-0.794654 0.480385 1
-0.846764 0.381098 1
-0.886527 0.276253 1
-0.913361 0.16738 1
-0.926877 0.0560657 1
-0.926877 -0.0560657 1
-0.913361 -0.16738 1
-0.886527 -0.276253 1
-0.846764 -0.381098 1
-0.794654 -0.480385 1
-0.730956 -0.572668 1
-0.656599 -0.656599 1
-0.572668 -0.730956 1
-0.480385 -0.794654 1
-0.381098 -0.846764 1
-0.276253 -0.886527 1
-0.16738 -0.913361 1
-0.0560657 -0.926877 1
0.0560657 -0.926877 1
0.16738 -0.913361 1
0.276253 -0.886527 1
0.381098 -0.846764 1
0.480385 -0.794654 1
0.572668 -0.730956 1
0.656599 -0.656599 1
0.730956 -0.572668 1
0.794654 -0.480385 1
0.846764 -0.381098 1
0.886527 -0.276253 1
0.913361 -0.16738 1
0.926877 -0.0560657 1
