5.0507627227610541e-02 5.0507627227610527e-02 1.5784448822533225e-02
-5.0507627227610527e-02 5.0507627227610541e-02 1.5784448822533225e-02
-5.0507627227610548e-02 -5.0507627227610527e-02 1.5784448822533225e-02
5.0507627227610520e-02 -5.0507627227610548e-02 1.5784448822533225e-02
2.0698410563337177e-01 5.5461223950540157e-02 1.3920358076657488e-02
1.5152288168283162e-01 1.5152288168283159e-01 1.3920358076657488e-02
5.5461223950540206e-02 2.0698410563337175e-01 1.3920358076657488e-02
-5.5461223950540130e-02 2.0698410563337177e-01 1.3920358076657488e-02
-1.5152288168283159e-01 1.5152288168283162e-01 1.3920358076657488e-02
-2.0698410563337175e-01 5.5461223950540213e-02 1.3920358076657488e-02
-2.0698410563337180e-01 -5.5461223950540074e-02 1.3920358076657488e-02
-1.5152288168283168e-01 -1.5152288168283151e-01 1.3920358076657488e-02
-5.5461223950540324e-02 -2.0698410563337172e-01 1.3920358076657488e-02
5.5461223950540060e-02 -2.0698410563337180e-01 1.3920358076657488e-02
1.5152288168283157e-01 -1.5152288168283165e-01 1.3920358076657488e-02
2.0698410563337172e-01 -5.5461223950540331e-02 1.3920358076657488e-02
3.5274583592683489e-01 5.5869451800082445e-02 1.0644221869062885e-02
3.1821661578155991e-01 1.6213946419269526e-01 1.0644221869062885e-02
2.5253813613805265e-01 2.5253813613805265e-01 1.0644221869062885e-02
1.6213946419269526e-01 3.1821661578155991e-01 1.0644221869062885e-02
5.5869451800082466e-02 3.5274583592683489e-01 1.0644221869062885e-02
-5.5869451800082424e-02 3.5274583592683489e-01 1.0644221869062885e-02
-1.6213946419269523e-01 3.1821661578155991e-01 1.0644221869062885e-02
-2.5253813613805265e-01 2.5253813613805265e-01 1.0644221869062885e-02
-3.1821661578155991e-01 1.6213946419269529e-01 1.0644221869062885e-02
-3.5274583592683484e-01 5.5869451800082487e-02 1.0644221869062885e-02
-3.5274583592683489e-01 -5.5869451800082397e-02 1.0644221869062885e-02
-3.1821661578155991e-01 -1.6213946419269523e-01 1.0644221869062885e-02
-2.5253813613805270e-01 -2.5253813613805265e-01 1.0644221869062885e-02
-1.6213946419269532e-01 -3.1821661578155991e-01 1.0644221869062885e-02
-5.5869451800082508e-02 -3.5274583592683484e-01 1.0644221869062885e-02
5.5869451800082376e-02 -3.5274583592683489e-01 1.0644221869062885e-02
1.6213946419269520e-01 -3.1821661578155991e-01 1.0644221869062885e-02
2.5253813613805259e-01 -2.5253813613805270e-01 1.0644221869062885e-02
3.1821661578155991e-01 -1.6213946419269532e-01 1.0644221869062885e-02
3.5274583592683484e-01 -5.5869451800082535e-02 1.0644221869062885e-02
4.9685610494662130e-01 5.5982238051653928e-02 6.7620377588428256e-03
4.7194166515418379e-01 1.6513953097758355e-01 6.7620377588428256e-03
4.2336209961414206e-01 2.6601603825766829e-01 6.7620377588428256e-03
3.5355339059327379e-01 3.5355339059327373e-01 6.7620377588428256e-03
2.6601603825766829e-01 4.2336209961414206e-01 6.7620377588428256e-03
1.6513953097758358e-01 4.7194166515418379e-01 6.7620377588428256e-03
5.5982238051653956e-02 4.9685610494662130e-01 6.7620377588428256e-03
-5.5982238051653900e-02 4.9685610494662130e-01 6.7620377588428256e-03
-1.6513953097758349e-01 4.7194166515418379e-01 6.7620377588428256e-03
-2.6601603825766823e-01 4.2336209961414212e-01 6.7620377588428256e-03
-3.5355339059327373e-01 3.5355339059327379e-01 6.7620377588428256e-03
-4.2336209961414206e-01 2.6601603825766834e-01 6.7620377588428256e-03
-4.7194166515418379e-01 1.6513953097758360e-01 6.7620377588428256e-03
-4.9685610494662130e-01 5.5982238051653990e-02 6.7620377588428256e-03
-4.9685610494662130e-01 -5.5982238051653865e-02 6.7620377588428256e-03
-4.7194166515418379e-01 -1.6513953097758347e-01 6.7620377588428256e-03
-4.2336209961414212e-01 -2.6601603825766823e-01 6.7620377588428256e-03
-3.5355339059327384e-01 -3.5355339059327373e-01 6.7620377588428256e-03
-2.6601603825766834e-01 -4.2336209961414206e-01 6.7620377588428256e-03
-1.6513953097758363e-01 -4.7194166515418373e-01 6.7620377588428256e-03
-5.5982238051654018e-02 -4.9685610494662130e-01 6.7620377588428256e-03
5.5982238051653838e-02 -4.9685610494662130e-01 6.7620377588428256e-03
1.6513953097758344e-01 -4.7194166515418379e-01 6.7620377588428256e-03
2.6601603825766817e-01 -4.2336209961414212e-01 6.7620377588428256e-03
3.5355339059327368e-01 -3.5355339059327384e-01 6.7620377588428256e-03
4.2336209961414201e-01 -2.6601603825766840e-01 6.7620377588428256e-03
4.7194166515418373e-01 -1.6513953097758366e-01 6.7620377588428256e-03
4.9685610494662130e-01 -5.5982238051654046e-02 6.7620377588428256e-03
6.4041087734469349e-01 5.6028691766351675e-02 3.2375695615867047e-03
6.2095231690011532e-01 1.6638367185162045e-01 3.2375695615867047e-03
5.8262643452356067e-01 2.7168316826187816e-01 3.2375695615867047e-03
5.2659774275720894e-01 3.6872770908281527e-01 3.2375695615867073e-03
4.5456864504849481e-01 4.5456864504849476e-01 3.2375695615867047e-03
3.6872770908281532e-01 5.2659774275720894e-01 3.2375695615867047e-03
2.7168316826187816e-01 5.8262643452356067e-01 3.2375695615867047e-03
1.6638367185162045e-01 6.2095231690011532e-01 3.2375695615867047e-03
5.6028691766351800e-02 6.4041087734469349e-01 3.2375695615867047e-03
-5.6028691766351571e-02 6.4041087734469349e-01 3.2375695615867047e-03
-1.6638367185162040e-01 6.2095231690011532e-01 3.2375695615867047e-03
-2.7168316826187811e-01 5.8262643452356067e-01 3.2375695615867047e-03
-3.6872770908281516e-01 5.2659774275720905e-01 3.2375695615867047e-03
-4.5456864504849476e-01 4.5456864504849481e-01 3.2375695615867047e-03
-5.2659774275720883e-01 3.6872770908281549e-01 3.2375695615867047e-03
-5.8262643452356067e-01 2.7168316826187822e-01 3.2375695615867047e-03
-6.2095231690011521e-01 1.6638367185162065e-01 3.2375695615867047e-03
-6.4041087734469349e-01 5.6028691766351689e-02 3.2375695615867047e-03
-6.4041087734469349e-01 -5.6028691766351529e-02 3.2375695615867047e-03
-6.2095231690011532e-01 -1.6638367185162051e-01 3.2375695615867047e-03
-5.8262643452356067e-01 -2.7168316826187811e-01 3.2375695615867047e-03
-5.2659774275720905e-01 -3.6872770908281516e-01 3.2375695615867047e-03
-4.5456864504849487e-01 -4.5456864504849476e-01 3.2375695615867047e-03
-3.6872770908281549e-01 -5.2659774275720883e-01 3.2375695615867047e-03
-2.7168316826187849e-01 -5.8262643452356044e-01 3.2375695615867073e-03
-1.6638367185162040e-01 -6.2095231690011532e-01 3.2375695615867047e-03
-5.6028691766351724e-02 -6.4041087734469349e-01 3.2375695615867047e-03
5.6028691766351495e-02 -6.4041087734469349e-01 3.2375695615867073e-03
1.6638367185162017e-01 -6.2095231690011532e-01 3.2375695615867047e-03
2.7168316826187777e-01 -5.8262643452356078e-01 3.2375695615867073e-03
3.6872770908281527e-01 -5.2659774275720894e-01 3.2375695615867073e-03
4.5456864504849470e-01 -4.5456864504849487e-01 3.2375695615867047e-03
5.2659774275720883e-01 -3.6872770908281555e-01 3.2375695615867047e-03
5.8262643452356044e-01 -2.7168316826187855e-01 3.2375695615867047e-03
6.2095231690011532e-01 -1.6638367185162042e-01 3.2375695615867047e-03
6.4041087734469349e-01 -5.6028691766351772e-02 3.2375695615867047e-03
7.8371237576519914e-01 5.6052215370825408e-02 8.9806832171900552e-04
7.6775825183448243e-01 1.6701558464876737e-01 8.9806832171900552e-04
7.3617478392838420e-01 2.7457899825643445e-01 8.9806832171900476e-04
6.8960492037427223e-01 3.7655277528004466e-01 8.9806832171900476e-04
6.2899668929771169e-01 4.7086102368748678e-01 8.9806832171900552e-04
5.5558389950371589e-01 5.5558389950371589e-01 8.9806832171900476e-04
4.7086102368748689e-01 6.2899668929771169e-01 8.9806832171900476e-04
3.7655277528004466e-01 6.8960492037427223e-01 8.9806832171900476e-04
2.7457899825643445e-01 7.3617478392838420e-01 8.9806832171900476e-04
1.6701558464876731e-01 7.6775825183448243e-01 8.9806832171900552e-04
5.6052215370825421e-02 7.8371237576519914e-01 8.9806832171900552e-04
-5.6052215370825331e-02 7.8371237576519914e-01 8.9806832171900552e-04
-1.6701558464876742e-01 7.6775825183448243e-01 8.9806832171900476e-04
-2.7457899825643439e-01 7.3617478392838420e-01 8.9806832171900476e-04
-3.7655277528004472e-01 6.8960492037427223e-01 8.9806832171900476e-04
-4.7086102368748689e-01 6.2899668929771169e-01 8.9806832171900476e-04
-5.5558389950371589e-01 5.5558389950371589e-01 8.9806832171900476e-04
-6.2899668929771169e-01 4.7086102368748695e-01 8.9806832171900476e-04
-6.8960492037427223e-01 3.7655277528004483e-01 8.9806832171900400e-04
-7.3617478392838431e-01 2.7457899825643434e-01 8.9806832171900400e-04
-7.6775825183448243e-01 1.6701558464876737e-01 8.9806832171900552e-04
-7.8371237576519914e-01 5.6052215370825477e-02 8.9806832171900552e-04
-7.8371237576519914e-01 -5.6052215370825276e-02 8.9806832171900552e-04
-7.6775825183448254e-01 -1.6701558464876720e-01 8.9806832171900400e-04
-7.3617478392838420e-01 -2.7457899825643445e-01 8.9806832171900476e-04
-6.8960492037427223e-01 -3.7655277528004466e-01 8.9806832171900476e-04
-6.2899668929771169e-01 -4.7086102368748678e-01 8.9806832171900552e-04
-5.5558389950371601e-01 -5.5558389950371589e-01 8.9806832171900400e-04
-4.7086102368748706e-01 -6.2899668929771169e-01 8.9806832171900400e-04
-3.7655277528004488e-01 -6.8960492037427212e-01 8.9806832171900476e-04
-2.7457899825643467e-01 -7.3617478392838409e-01 8.9806832171900476e-04
-1.6701558464876776e-01 -7.6775825183448243e-01 8.9806832171900400e-04
-5.6052215370825172e-02 -7.8371237576519914e-01 8.9806832171900552e-04
5.6052215370825581e-02 -7.8371237576519914e-01 8.9806832171900476e-04
1.6701558464876748e-01 -7.6775825183448243e-01 8.9806832171900476e-04
2.7457899825643445e-01 -7.3617478392838420e-01 8.9806832171900476e-04
3.7655277528004460e-01 -6.8960492037427223e-01 8.9806832171900476e-04
4.7086102368748678e-01 -6.2899668929771180e-01 8.9806832171900476e-04
5.5558389950371578e-01 -5.5558389950371601e-01 8.9806832171900476e-04
6.2899668929771158e-01 -4.7086102368748706e-01 8.9806832171900476e-04
6.8960492037427212e-01 -3.7655277528004494e-01 8.9806832171900476e-04
7.3617478392838409e-01 -2.7457899825643473e-01 8.9806832171900476e-04
7.6775825183448243e-01 -1.6701558464876781e-01 8.9806832171900400e-04
7.8371237576519914e-01 -5.6052215370825220e-02 8.9806832171900552e-04
9.2687730035022331e-01 5.6065747606408471e-02 4.1900275618121949e-05
9.1336134216520470e-01 1.6737967797005529e-01 4.1900275618121949e-05
8.8652651890079226e-01 2.7625283572268838e-01 4.1900275618122050e-05
8.4676414270694067e-01 3.8109760506327411e-01 4.1900275618122159e-05
7.9465403856562977e-01 4.8038511316496696e-01 4.1900275618122050e-05
7.3095608913697507e-01 5.7266752458364711e-01 4.1900275618122050e-05
6.5659915395893698e-01 6.5659915395893687e-01 4.1900275618122050e-05
5.7266752458364711e-01 7.3095608913697507e-01 4.1900275618122050e-05
4.8038511316496696e-01 7.9465403856562977e-01 4.1900275618122050e-05
3.8109760506327428e-01 8.4676414270694067e-01 4.1900275618122050e-05
2.7625283572268844e-01 8.8652651890079226e-01 4.1900275618122050e-05
1.6737967797005543e-01 9.1336134216520459e-01 4.1900275618122159e-05
5.6065747606408686e-02 9.2687730035022331e-01 4.1900275618121949e-05
-5.6065747606408367e-02 9.2687730035022331e-01 4.1900275618121949e-05
-1.6737967797005512e-01 9.1336134216520470e-01 4.1900275618122050e-05
-2.7625283572268838e-01 8.8652651890079237e-01 4.1900275618121854e-05
-3.8109760506327395e-01 8.4676414270694078e-01 4.1900275618122050e-05
-4.8038511316496668e-01 7.9465403856562999e-01 4.1900275618121854e-05
-5.7266752458364711e-01 7.3095608913697507e-01 4.1900275618122050e-05
-6.5659915395893687e-01 6.5659915395893698e-01 4.1900275618122050e-05
-7.3095608913697496e-01 5.7266752458364723e-01 4.1900275618122050e-05
-7.9465403856562966e-01 4.8038511316496718e-01 4.1900275618121949e-05
-8.4676414270694056e-01 3.8109760506327445e-01 4.1900275618121949e-05
-8.8652651890079226e-01 2.7625283572268849e-01 4.1900275618122050e-05
-9.1336134216520459e-01 1.6737967797005548e-01 4.1900275618122159e-05
-9.2687730035022331e-01 5.6065747606408742e-02 4.1900275618121949e-05
-9.2687730035022331e-01 -5.6065747606408103e-02 4.1900275618122050e-05
-9.1336134216520470e-01 -1.6737967797005526e-01 4.1900275618121949e-05
-8.8652651890079237e-01 -2.7625283572268833e-01 4.1900275618121949e-05
-8.4676414270694078e-01 -3.8109760506327389e-01 4.1900275618122050e-05
-7.9465403856562999e-01 -4.8038511316496668e-01 4.1900275618121854e-05
-7.3095608913697541e-01 -5.7266752458364667e-01 4.1900275618122050e-05
-6.5659915395893709e-01 -6.5659915395893687e-01 4.1900275618121854e-05
-5.7266752458364756e-01 -7.3095608913697474e-01 4.1900275618121949e-05
-4.8038511316496729e-01 -7.9465403856562955e-01 4.1900275618122050e-05
-3.8109760506327417e-01 -8.4676414270694067e-01 4.1900275618122050e-05
-2.7625283572268899e-01 -8.8652651890079215e-01 4.1900275618122050e-05
-1.6737967797005554e-01 -9.1336134216520459e-01 4.1900275618122159e-05
-5.6065747606409214e-02 -9.2687730035022320e-01 4.1900275618122159e-05
5.6065747606408048e-02 -9.2687730035022331e-01 4.1900275618122050e-05
1.6737967797005521e-01 -9.1336134216520470e-01 4.1900275618122050e-05
2.7625283572268783e-01 -8.8652651890079248e-01 4.1900275618121949e-05
3.8109760506327384e-01 -8.4676414270694078e-01 4.1900275618122050e-05
4.8038511316496696e-01 -7.9465403856562977e-01 4.1900275618122050e-05
5.7266752458364667e-01 -7.3095608913697541e-01 4.1900275618122050e-05
6.5659915395893675e-01 -6.5659915395893709e-01 4.1900275618122050e-05
7.3095608913697474e-01 -5.7266752458364756e-01 4.1900275618121949e-05
7.9465403856562955e-01 -4.8038511316496729e-01 4.1900275618122050e-05
8.4676414270694067e-01 -3.8109760506327423e-01 4.1900275618122050e-05
8.8652651890079215e-01 -2.7625283572268905e-01 4.1900275618121949e-05
9.1336134216520459e-01 -1.6737967797005560e-01 4.1900275618122050e-05
9.2687730035022320e-01 -5.6065747606409269e-02 4.1900275618122050e-05
