9.7957787033838895e-02 9.7957787033838922e-02 3.6917711238095244e-02
9.7957787033838895e-02 -9.7957787033838922e-02 3.6917711238095244e-02
-9.7957787033838895e-02 9.7957787033838922e-02 3.6917711238095244e-02
-9.7957787033838895e-02 -9.7957787033838922e-02 3.6917711238095244e-02
9.7782136468074307e-02 2.9334998217866087e-01 2.8661199238095236e-02
9.7782136468074307e-02 -2.9334998217866087e-01 2.8661199238095236e-02
-9.7782136468074307e-02 2.9334998217866087e-01 2.8661199238095236e-02
-9.7782136468074307e-02 -2.9334998217866087e-01 2.8661199238095236e-02
9.7326907186014597e-02 4.8666637606228524e-01 1.6080335238095246e-02
9.7326907186014597e-02 -4.8666637606228524e-01 1.6080335238095246e-02
-9.7326907186014597e-02 4.8666637606228524e-01 1.6080335238095246e-02
-9.7326907186014597e-02 -4.8666637606228524e-01 1.6080335238095246e-02
9.6191355389040334e-02 6.7361537956242057e-01 5.1962392380952346e-03
9.6191355389040334e-02 -6.7361537956242057e-01 5.1962392380952346e-03
-9.6191355389040334e-02 6.7361537956242057e-01 5.1962392380952346e-03
-9.6191355389040334e-02 -6.7361537956242057e-01 5.1962392380952346e-03
9.2599930732751218e-02 8.4049037381044744e-01 4.3259837070291760e-04
9.2599930732751218e-02 -8.4049037381044744e-01 4.3259837070291760e-04
-9.2599930732751218e-02 8.4049037381044744e-01 4.3259837070291760e-04
-9.2599930732751218e-02 -8.4049037381044744e-01 4.3259837070291760e-04
2.9334998217866087e-01 9.7782136468074293e-02 2.8661199238095236e-02
2.9334998217866087e-01 -9.7782136468074293e-02 2.8661199238095236e-02
-2.9334998217866087e-01 9.7782136468074293e-02 2.8661199238095236e-02
-2.9334998217866087e-01 -9.7782136468074293e-02 2.8661199238095236e-02
2.9272912228484088e-01 2.9272912228484088e-01 2.1756367238095237e-02
2.9272912228484088e-01 -2.9272912228484088e-01 2.1756367238095237e-02
-2.9272912228484088e-01 2.9272912228484088e-01 2.1756367238095237e-02
-2.9272912228484088e-01 -2.9272912228484088e-01 2.1756367238095237e-02
2.9108751554229101e-01 4.8517551403413262e-01 1.1510223238095241e-02
2.9108751554229101e-01 -4.8517551403413262e-01 1.1510223238095241e-02
-2.9108751554229101e-01 4.8517551403413262e-01 1.1510223238095241e-02
-2.9108751554229101e-01 -4.8517551403413262e-01 1.1510223238095241e-02
2.8683347146083132e-01 6.6965066415249275e-01 3.2066072380952356e-03
2.8683347146083132e-01 -6.6965066415249275e-01 3.2066072380952356e-03
-2.8683347146083132e-01 6.6965066415249275e-01 3.2066072380952356e-03
-2.8683347146083132e-01 -6.6965066415249275e-01 3.2066072380952356e-03
2.7293473526207440e-01 8.3327412855970340e-01 1.6696232555209244e-04
2.7293473526207440e-01 -8.3327412855970340e-01 1.6696232555209244e-04
-2.7293473526207440e-01 8.3327412855970340e-01 1.6696232555209244e-04
-2.7293473526207440e-01 -8.3327412855970340e-01 1.6696232555209244e-04
4.8666637606228547e-01 9.7326907186014569e-02 1.6080335238095246e-02
4.8666637606228547e-01 -9.7326907186014569e-02 1.6080335238095246e-02
-4.8666637606228547e-01 9.7326907186014569e-02 1.6080335238095246e-02
-4.8666637606228547e-01 -9.7326907186014569e-02 1.6080335238095246e-02
4.8517551403413267e-01 2.9108751554229101e-01 1.1510223238095240e-02
4.8517551403413267e-01 -2.9108751554229101e-01 1.1510223238095240e-02
-4.8517551403413267e-01 2.9108751554229101e-01 1.1510223238095240e-02
-4.8517551403413267e-01 -2.9108751554229101e-01 1.1510223238095240e-02
4.8105530974489402e-01 4.8105530974489391e-01 5.1962392380952406e-03
4.8105530974489402e-01 -4.8105530974489391e-01 5.1962392380952406e-03
-4.8105530974489402e-01 4.8105530974489391e-01 5.1962392380952406e-03
-4.8105530974489402e-01 -4.8105530974489391e-01 5.1962392380952406e-03
4.6986994777328978e-01 6.5857431372044561e-01 9.4766323809523738e-04
4.6986994777328978e-01 -6.5857431372044561e-01 9.4766323809523738e-04
-4.6986994777328978e-01 6.5857431372044561e-01 9.4766323809523738e-04
-4.6986994777328978e-01 -6.5857431372044561e-01 9.4766323809523738e-04
4.3666575150797016e-01 8.2026874037165864e-01 1.1170424411761392e-05
4.3666575150797016e-01 -8.2026874037165864e-01 1.1170424411761392e-05
-4.3666575150797016e-01 8.2026874037165864e-01 1.1170424411761392e-05
-4.3666575150797016e-01 -8.2026874037165864e-01 1.1170424411761392e-05
6.7361537956242057e-01 9.6191355389040362e-02 5.1962392380952337e-03
6.7361537956242057e-01 -9.6191355389040362e-02 5.1962392380952337e-03
-6.7361537956242057e-01 9.6191355389040362e-02 5.1962392380952337e-03
-6.7361537956242057e-01 -9.6191355389040362e-02 5.1962392380952337e-03
6.6965066415249286e-01 2.8683347146083144e-01 3.2066072380952347e-03
6.6965066415249286e-01 -2.8683347146083144e-01 3.2066072380952347e-03
-6.6965066415249286e-01 2.8683347146083144e-01 3.2066072380952347e-03
-6.6965066415249286e-01 -2.8683347146083144e-01 3.2066072380952347e-03
6.5857431372044561e-01 4.6986994777328978e-01 9.4766323809523738e-04
6.5857431372044561e-01 -4.6986994777328978e-01 9.4766323809523738e-04
-6.5857431372044561e-01 4.6986994777328978e-01 9.4766323809523738e-04
-6.5857431372044561e-01 -4.6986994777328978e-01 9.4766323809523738e-04
6.3588237810843318e-01 6.3588227764659222e-01 5.3225943452163601e-05
6.3588237810843318e-01 -6.3588227764659222e-01 5.3225943452163601e-05
-6.3588237810843318e-01 6.3588227764659222e-01 5.3225943452163601e-05
-6.3588237810843318e-01 -6.3588227764659222e-01 5.3225943452163601e-05
8.4049037380857883e-01 9.2599930733263253e-02 4.3259837069766811e-04
8.4049037380857883e-01 -9.2599930733263253e-02 4.3259837069766811e-04
-8.4049037380857883e-01 9.2599930733263253e-02 4.3259837069766811e-04
-8.4049037380857883e-01 -9.2599930733263253e-02 4.3259837069766811e-04
8.3327427827166667e-01 2.7293474751311764e-01 1.6696234777475679e-04
8.3327427827166667e-01 -2.7293474751311764e-01 1.6696234777475679e-04
-8.3327427827166667e-01 2.7293474751311764e-01 1.6696234777475679e-04
-8.3327427827166667e-01 -2.7293474751311764e-01 1.6696234777475679e-04
8.2026894961809094e-01 4.3666562581276974e-01 1.1170445827870194e-05
8.2026894961809094e-01 -4.3666562581276974e-01 1.1170445827870194e-05
-8.2026894961809094e-01 4.3666562581276974e-01 1.1170445827870194e-05
-8.2026894961809094e-01 -4.3666562581276974e-01 1.1170445827870194e-05
