1.0000000000000001e-01 1.0000000000000001e-01 4.0000000000000008e-02
1.0000000000000001e-01 -1.0000000000000001e-01 4.0000000000000008e-02
-1.0000000000000001e-01 1.0000000000000001e-01 4.0000000000000008e-02
-1.0000000000000001e-01 -1.0000000000000001e-01 4.0000000000000008e-02
1.0000000000000001e-01 3.0000000000000004e-01 4.0000000000000008e-02
1.0000000000000001e-01 -3.0000000000000004e-01 4.0000000000000008e-02
-1.0000000000000001e-01 3.0000000000000004e-01 4.0000000000000008e-02
-1.0000000000000001e-01 -3.0000000000000004e-01 4.0000000000000008e-02
1.0000000000000001e-01 5.0000000000000000e-01 4.0000000000000015e-02
1.0000000000000001e-01 -5.0000000000000000e-01 4.0000000000000015e-02
-1.0000000000000001e-01 5.0000000000000000e-01 4.0000000000000015e-02
-1.0000000000000001e-01 -5.0000000000000000e-01 4.0000000000000015e-02
9.9999999999999992e-02 7.0000000000000007e-01 3.9999999999999994e-02
9.9999999999999992e-02 -7.0000000000000007e-01 3.9999999999999994e-02
-9.9999999999999992e-02 7.0000000000000007e-01 3.9999999999999994e-02
-9.9999999999999992e-02 -7.0000000000000007e-01 3.9999999999999994e-02
9.9999999999999992e-02 8.9999999999999969e-01 3.9999999999999994e-02
9.9999999999999992e-02 -8.9999999999999969e-01 3.9999999999999994e-02
-9.9999999999999992e-02 8.9999999999999969e-01 3.9999999999999994e-02
-9.9999999999999992e-02 -8.9999999999999969e-01 3.9999999999999994e-02
1.0000000000000002e-01 1.1000000000000001e+00 4.0000000000000036e-02
1.0000000000000002e-01 -1.1000000000000001e+00 4.0000000000000036e-02
-1.0000000000000002e-01 1.1000000000000001e+00 4.0000000000000036e-02
-1.0000000000000002e-01 -1.1000000000000001e+00 4.0000000000000036e-02
9.9999999999999992e-02 1.3000000000000003e+00 3.9999999999999994e-02
9.9999999999999992e-02 -1.3000000000000003e+00 3.9999999999999994e-02
-9.9999999999999992e-02 1.3000000000000003e+00 3.9999999999999994e-02
-9.9999999999999992e-02 -1.3000000000000003e+00 3.9999999999999994e-02
9.9999999999999992e-02 1.5000000000000000e+00 3.9999999999999994e-02
9.9999999999999992e-02 -1.5000000000000000e+00 3.9999999999999994e-02
-9.9999999999999992e-02 1.5000000000000000e+00 3.9999999999999994e-02
-9.9999999999999992e-02 -1.5000000000000000e+00 3.9999999999999994e-02
9.9999999999999992e-02 1.7000000000000000e+00 3.9999999999999994e-02
9.9999999999999992e-02 -1.7000000000000000e+00 3.9999999999999994e-02
-9.9999999999999992e-02 1.7000000000000000e+00 3.9999999999999994e-02
-9.9999999999999992e-02 -1.7000000000000000e+00 3.9999999999999994e-02
9.6392485443143078e-02 1.8936864698632243e+00 3.7319674300042779e-02
9.6392485443143078e-02 -1.8936864698632243e+00 3.7319674300042779e-02
-9.6392485443143078e-02 1.8936864698632243e+00 3.7319674300042779e-02
-9.6392485443143078e-02 -1.8936864698632243e+00 3.7319674300042779e-02
3.0000000000000004e-01 1.0000000000000001e-01 4.0000000000000008e-02
3.0000000000000004e-01 -1.0000000000000001e-01 4.0000000000000008e-02
-3.0000000000000004e-01 1.0000000000000001e-01 4.0000000000000008e-02
-3.0000000000000004e-01 -1.0000000000000001e-01 4.0000000000000008e-02
3.0000000000000004e-01 3.0000000000000004e-01 4.0000000000000008e-02
3.0000000000000004e-01 -3.0000000000000004e-01 4.0000000000000008e-02
-3.0000000000000004e-01 3.0000000000000004e-01 4.0000000000000008e-02
-3.0000000000000004e-01 -3.0000000000000004e-01 4.0000000000000008e-02
3.0000000000000004e-01 5.0000000000000000e-01 4.0000000000000015e-02
3.0000000000000004e-01 -5.0000000000000000e-01 4.0000000000000015e-02
-3.0000000000000004e-01 5.0000000000000000e-01 4.0000000000000015e-02
-3.0000000000000004e-01 -5.0000000000000000e-01 4.0000000000000015e-02
3.0000000000000004e-01 7.0000000000000007e-01 3.9999999999999994e-02
3.0000000000000004e-01 -7.0000000000000007e-01 3.9999999999999994e-02
-3.0000000000000004e-01 7.0000000000000007e-01 3.9999999999999994e-02
-3.0000000000000004e-01 -7.0000000000000007e-01 3.9999999999999994e-02
3.0000000000000004e-01 8.9999999999999969e-01 3.9999999999999994e-02
3.0000000000000004e-01 -8.9999999999999969e-01 3.9999999999999994e-02
-3.0000000000000004e-01 8.9999999999999969e-01 3.9999999999999994e-02
-3.0000000000000004e-01 -8.9999999999999969e-01 3.9999999999999994e-02
3.0000000000000004e-01 1.1000000000000001e+00 4.0000000000000036e-02
3.0000000000000004e-01 -1.1000000000000001e+00 4.0000000000000036e-02
-3.0000000000000004e-01 1.1000000000000001e+00 4.0000000000000036e-02
-3.0000000000000004e-01 -1.1000000000000001e+00 4.0000000000000036e-02
3.0000000000000004e-01 1.3000000000000003e+00 3.9999999999999994e-02
3.0000000000000004e-01 -1.3000000000000003e+00 3.9999999999999994e-02
-3.0000000000000004e-01 1.3000000000000003e+00 3.9999999999999994e-02
-3.0000000000000004e-01 -1.3000000000000003e+00 3.9999999999999994e-02
3.0000000000000004e-01 1.5000000000000000e+00 3.9999999999999994e-02
3.0000000000000004e-01 -1.5000000000000000e+00 3.9999999999999994e-02
-3.0000000000000004e-01 1.5000000000000000e+00 3.9999999999999994e-02
-3.0000000000000004e-01 -1.5000000000000000e+00 3.9999999999999994e-02
3.0000000000000004e-01 1.7000000000000000e+00 3.9999999999999994e-02
3.0000000000000004e-01 -1.7000000000000000e+00 3.9999999999999994e-02
-3.0000000000000004e-01 1.7000000000000000e+00 3.9999999999999994e-02
-3.0000000000000004e-01 -1.7000000000000000e+00 3.9999999999999994e-02
2.7977221505595090e-01 1.8584990975950262e+00 2.0805324377098564e-02
2.7977221505595090e-01 -1.8584990975950262e+00 2.0805324377098564e-02
-2.7977221505595090e-01 1.8584990975950262e+00 2.0805324377098564e-02
-2.7977221505595090e-01 -1.8584990975950262e+00 2.0805324377098564e-02
4.9999999999999983e-01 9.9999999999999992e-02 4.0000000000000022e-02
4.9999999999999983e-01 -9.9999999999999992e-02 4.0000000000000022e-02
-4.9999999999999983e-01 9.9999999999999992e-02 4.0000000000000022e-02
-4.9999999999999983e-01 -9.9999999999999992e-02 4.0000000000000022e-02
4.9999999999999983e-01 3.0000000000000004e-01 4.0000000000000022e-02
4.9999999999999983e-01 -3.0000000000000004e-01 4.0000000000000022e-02
-4.9999999999999983e-01 3.0000000000000004e-01 4.0000000000000022e-02
-4.9999999999999983e-01 -3.0000000000000004e-01 4.0000000000000022e-02
5.0000000000000000e-01 5.0000000000000000e-01 4.0000000000000029e-02
5.0000000000000000e-01 -5.0000000000000000e-01 4.0000000000000029e-02
-5.0000000000000000e-01 5.0000000000000000e-01 4.0000000000000029e-02
-5.0000000000000000e-01 -5.0000000000000000e-01 4.0000000000000029e-02
5.0000000000000000e-01 7.0000000000000007e-01 4.0000000000000008e-02
5.0000000000000000e-01 -7.0000000000000007e-01 4.0000000000000008e-02
-5.0000000000000000e-01 7.0000000000000007e-01 4.0000000000000008e-02
-5.0000000000000000e-01 -7.0000000000000007e-01 4.0000000000000008e-02
5.0000000000000000e-01 8.9999999999999980e-01 4.0000000000000008e-02
5.0000000000000000e-01 -8.9999999999999980e-01 4.0000000000000008e-02
-5.0000000000000000e-01 8.9999999999999980e-01 4.0000000000000008e-02
-5.0000000000000000e-01 -8.9999999999999980e-01 4.0000000000000008e-02
5.0000000000000011e-01 1.1000000000000001e+00 4.0000000000000042e-02
5.0000000000000011e-01 -1.1000000000000001e+00 4.0000000000000042e-02
-5.0000000000000011e-01 1.1000000000000001e+00 4.0000000000000042e-02
-5.0000000000000011e-01 -1.1000000000000001e+00 4.0000000000000042e-02
5.0000000000000000e-01 1.3000000000000003e+00 4.0000000000000008e-02
5.0000000000000000e-01 -1.3000000000000003e+00 4.0000000000000008e-02
-5.0000000000000000e-01 1.3000000000000003e+00 4.0000000000000008e-02
-5.0000000000000000e-01 -1.3000000000000003e+00 4.0000000000000008e-02
5.0000000000000000e-01 1.4999999999999998e+00 4.0000000000000008e-02
5.0000000000000000e-01 -1.4999999999999998e+00 4.0000000000000008e-02
-5.0000000000000000e-01 1.4999999999999998e+00 4.0000000000000008e-02
-5.0000000000000000e-01 -1.4999999999999998e+00 4.0000000000000008e-02
4.7090078696509768e-01 1.6780604312588387e+00 2.4775616575412485e-02
4.7090078696509768e-01 -1.6780604312588387e+00 2.4775616575412485e-02
-4.7090078696509768e-01 1.6780604312588387e+00 2.4775616575412485e-02
-4.7090078696509768e-01 -1.6780604312588387e+00 2.4775616575412485e-02
4.1206194978246580e-01 1.8111078836166086e+00 6.0289393172102993e-04
4.1206194978246580e-01 -1.8111078836166086e+00 6.0289393172102993e-04
-4.1206194978246580e-01 1.8111078836166086e+00 6.0289393172102993e-04
-4.1206194978246580e-01 -1.8111078836166086e+00 6.0289393172102993e-04
6.9999999999999996e-01 1.0000000000000001e-01 4.0000000000000001e-02
6.9999999999999996e-01 -1.0000000000000001e-01 4.0000000000000001e-02
-6.9999999999999996e-01 1.0000000000000001e-01 4.0000000000000001e-02
-6.9999999999999996e-01 -1.0000000000000001e-01 4.0000000000000001e-02
6.9999999999999996e-01 2.9999999999999999e-01 4.0000000000000001e-02
6.9999999999999996e-01 -2.9999999999999999e-01 4.0000000000000001e-02
-6.9999999999999996e-01 2.9999999999999999e-01 4.0000000000000001e-02
-6.9999999999999996e-01 -2.9999999999999999e-01 4.0000000000000001e-02
7.0000000000000007e-01 5.0000000000000000e-01 4.0000000000000008e-02
7.0000000000000007e-01 -5.0000000000000000e-01 4.0000000000000008e-02
-7.0000000000000007e-01 5.0000000000000000e-01 4.0000000000000008e-02
-7.0000000000000007e-01 -5.0000000000000000e-01 4.0000000000000008e-02
7.0000000000000029e-01 7.0000000000000007e-01 3.9999999999999980e-02
7.0000000000000029e-01 -7.0000000000000007e-01 3.9999999999999980e-02
-7.0000000000000029e-01 7.0000000000000007e-01 3.9999999999999980e-02
-7.0000000000000029e-01 -7.0000000000000007e-01 3.9999999999999980e-02
7.0000000000000029e-01 8.9999999999999991e-01 3.9999999999999980e-02
7.0000000000000029e-01 -8.9999999999999991e-01 3.9999999999999980e-02
-7.0000000000000029e-01 8.9999999999999991e-01 3.9999999999999980e-02
-7.0000000000000029e-01 -8.9999999999999991e-01 3.9999999999999980e-02
7.0000000000000029e-01 1.1000000000000003e+00 4.0000000000000022e-02
7.0000000000000029e-01 -1.1000000000000003e+00 4.0000000000000022e-02
-7.0000000000000029e-01 1.1000000000000003e+00 4.0000000000000022e-02
-7.0000000000000029e-01 -1.1000000000000003e+00 4.0000000000000022e-02
6.8141947447836926e-01 1.2910144438203444e+00 3.1796470559500287e-02
6.8141947447836926e-01 -1.2910144438203444e+00 3.1796470559500287e-02
-6.8141947447836926e-01 1.2910144438203444e+00 3.1796470559500287e-02
-6.8141947447836926e-01 -1.2910144438203444e+00 3.1796470559500287e-02
6.3900976333395609e-01 1.4683357389334237e+00 1.1997861525212303e-02
6.3900976333395609e-01 -1.4683357389334237e+00 1.1997861525212303e-02
-6.3900976333395609e-01 1.4683357389334237e+00 1.1997861525212303e-02
-6.3900976333395609e-01 -1.4683357389334237e+00 1.1997861525212303e-02
8.9917046112599897e-01 9.9578961764799342e-02 3.9665929060917822e-02
8.9917046112599897e-01 -9.9578961764799342e-02 3.9665929060917822e-02
-8.9917046112599897e-01 9.9578961764799342e-02 3.9665929060917822e-02
-8.9917046112599897e-01 -9.9578961764799342e-02 3.9665929060917822e-02
8.9417766941371790e-01 2.9866151622570780e-01 3.7650443955904063e-02
8.9417766941371790e-01 -2.9866151622570780e-01 3.7650443955904063e-02
-8.9417766941371790e-01 2.9866151622570780e-01 3.7650443955904063e-02
-8.9417766941371790e-01 -2.9866151622570780e-01 3.7650443955904063e-02
8.8405952091186046e-01 4.9742621404095810e-01 3.3557165070585891e-02
8.8405952091186046e-01 -4.9742621404095810e-01 3.3557165070585891e-02
-8.8405952091186046e-01 4.9742621404095810e-01 3.3557165070585891e-02
-8.8405952091186046e-01 -4.9742621404095810e-01 3.3557165070585891e-02
8.6855039916030863e-01 6.9542094859227122e-01 2.7248645811871842e-02
8.6855039916030863e-01 -6.9542094859227122e-01 2.7248645811871842e-02
-8.6855039916030863e-01 6.9542094859227122e-01 2.7248645811871842e-02
-8.6855039916030863e-01 -6.9542094859227122e-01 2.7248645811871842e-02
8.4737029991411050e-01 8.9090875189493401e-01 1.8489179642123054e-02
8.4737029991411050e-01 -8.9090875189493401e-01 1.8489179642123054e-02
-8.4737029991411050e-01 8.9090875189493401e-01 1.8489179642123054e-02
-8.4737029991411050e-01 -8.9090875189493401e-01 1.8489179642123054e-02
8.2247696725862929e-01 1.0682859778476683e+00 6.8896083405292725e-03
8.2247696725862929e-01 -1.0682859778476683e+00 6.8896083405292725e-03
-8.2247696725862929e-01 1.0682859778476683e+00 6.8896083405292725e-03
-8.2247696725862929e-01 -1.0682859778476683e+00 6.8896083405292725e-03
