0.0505076 0.101015 1
-0.0505076 0.101015 1
-0.0505076 -0.101015 1
0.0505076 -0.101015 1
0.206984 0.110922 1
0.151523 0.303046 1
0.0554612 0.413968 1
-0.0554612 0.413968 1
-0.151523 0.303046 1
-0.206984 0.110922 1
-0.206984 -0.110922 1
-0.151523 -0.303046 1
-0.0554612 -0.413968 1
0.0554612 -0.413968 1
0.151523 -0.303046 1
0.206984 -0.110922 1
0.352746 0.111739 1
0.318217 0.324279 1
0.252538 0.505076 1
0.162139 0.636433 1
0.0558695 0.705492 1
-0.0558695 0.705492 1
-0.162139 0.636433 1
-0.252538 0.505076 1
-0.318217 0.324279 1
-0.352746 0.111739 1
-0.352746 -0.111739 1
-0.318217 -0.324279 1
-0.252538 -0.505076 1
-0.162139 -0.636433 1
-0.0558695 -0.705492 1
0.0558695 -0.705492 1
0.162139 -0.636433 1
0.252538 -0.505076 1
0.318217 -0.324279 1
0.352746 -0.111739 1
0.496856 0.111964 1
0.471942 0.330279 1
0.423362 0.532032 1
0.353553 0.707107 1
0.266016 0.846724 1
0.16514 0.943883 1
0.0559822 0.993712 1
-0.0559822 0.993712 1
-0.16514 0.943883 1
-0.266016 0.846724 1
-0.353553 0.707107 1
-0.423362 0.532032 1
-0.471942 0.330279 1
-0.496856 0.111964 1
-0.496856 -0.111964 1
-0.471942 -0.330279 1
-0.423362 -0.532032 1
-0.353553 -0.707107 1
-0.266016 -0.846724 1
-0.16514 -0.943883 1
-0.0559822 -0.993712 1
0.0559822 -0.993712 1
0.16514 -0.943883 1
0.266016 -0.846724 1
0.353553 -0.707107 1
0.423362 -0.532032 1
0.471942 -0.330279 1
0.496856 -0.111964 1
0.640411 0.112057 1
0.620952 0.332767 1
0.582626 0.543366 1
0.526598 0.737455 1
0.454569 0.909137 1
0.368728 1.0532 1
0.271683 1.16525 1
0.166384 1.2419 1
0.0560287 1.28082 1
-0.0560287 1.28082 1
-0.166384 1.2419 1
-0.271683 1.16525 1
-0.368728 1.0532 1
-0.454569 0.909137 1
-0.526598 0.737455 1
-0.582626 0.543366 1
-0.620952 0.332767 1
-0.640411 0.112057 1
-0.640411 -0.112057 1
-0.620952 -0.332767 1
-0.582626 -0.543366 1
-0.526598 -0.737455 1
-0.454569 -0.909137 1
-0.368728 -1.0532 1
-0.271683 -1.16525 1
-0.166384 -1.2419 1
-0.0560287 -1.28082 1
0.0560287 -1.28082 1
0.166384 -1.2419 1
0.271683 -1.16525 1
0.368728 -1.0532 1
0.454569 -0.909137 1
0.526598 -0.737455 1
0.582626 -0.543366 1
0.620952 -0.332767 1
0.640411 -0.112057 1
0.783712 0.112104 1
0.767758 0.334031 1
0.736175 0.549158 1
0.689605 0.753106 1
0.628997 0.941722 1
0.555584 1.11117 1
0.470861 1.25799 1
0.376553 1.37921 1
0.274579 1.47235 1
0.167016 1.53552 1
0.0560522 1.56742 1
-0.0560522 1.56742 1
-0.167016 1.53552 1
-0.274579 1.47235 1
-0.376553 1.37921 1
-0.470861 1.25799 1
-0.555584 1.11117 1
-0.628997 0.941722 1
-0.689605 0.753106 1
-0.736175 0.549158 1
-0.767758 0.334031 1
-0.783712 0.112104 1
-0.783712 -0.112104 1
-0.767758 -0.334031 1
-0.736175 -0.549158 1
-0.689605 -0.753106 1
-0.628997 -0.941722 1
-0.555584 -1.11117 1
-0.470861 -1.25799 1
-0.376553 -1.37921 1
-0.274579 -1.47235 1
-0.167016 -1.53552 1
-0.0560522 -1.56742 1
0.0560522 -1.56742 1
0.167016 -1.53552 1
0.274579 -1.47235 1
0.376553 -1.37921 1
0.470861 -1.25799 1
0.555584 -1.11117 1
0.628997 -0.941722 1
0.689605 -0.753106 1
0.736175 -0.549158 1
0.767758 -0.334031 1
0.783712 -0.112104 1
0.926877 0.112131 1
0.913361 0.334759 1
0.886527 0.552506 1
0.846764 0.762195 1
0.794654 0.96077 1
0.730956 1.14534 1
0.656599 1.3132 1
0.572668 1.46191 1
0.480385 1.58931 1
0.381098 1.69353 1
0.276253 1.77305 1
0.16738 1.82672 1
0.0560657 1.85375 1
-0.0560657 1.85375 1
-0.16738 1.82672 1
-0.276253 1.77305 1
-0.381098 1.69353 1
-0.480385 1.58931 1
-0.572668 1.46191 1
-0.656599 1.3132 1
-0.730956 1.14534 1
-0.794654 0.96077 1
-0.846764 0.762195 1
-0.886527 0.552506 1
-0.913361 0.334759 1
-0.926877 0.112131 1
-0.926877 -0.112131 1
-0.913361 -0.334759 1
-0.886527 -0.552506 1
-0.846764 -0.762195 1
-0.794654 -0.96077 1
-0.730956 -1.14534 1
-0.656599 -1.3132 1
-0.572668 -1.46191 1
-0.480385 -1.58931 1
-0.381098 -1.69353 1
-0.276253 -1.77305 1
-0.16738 -1.82672 1
-0.0560657 -1.85375 1
0.0560657 -1.85375 1
0.16738 -1.82672 1
0.276253 -1.77305 1
0.381098 -1.69353 1
0.480385 -1.58931 1
0.572668 -1.46191 1
0.656599 -1.3132 1
0.730956 -1.14534 1
0.794654 -0.96077 1
0.846764 -0.762195 1
0.886527 -0.552506 1
0.913361 -0.334759 1
0.926877 -0.112131 1
