0 0 0.00125
0.00265707 -0.000157073 0.00125
0.00531411 -0.000314108 0.00125
0.00797106 -0.000471065 0.00125
0.0106279 -0.000627905 0.00125
0.0132846 -0.000784591 0.00125
0.0159411 -0.000941083 0.00125
0.0185973 -0.00109734 0.00125
0.0212533 -0.00125333 0.00125
0.023909 -0.00140901 0.00125
0.0265643 -0.00156434 0.00125
0.0292193 -0.00171929 0.00125
0.0318738 -0.00187381 0.00125
0.0345279 -0.00202787 0.00125
0.0371814 -0.00218143 0.00125
0.0398345 -0.00233445 0.00125
0.0424869 -0.0024869 0.00125
0.0451387 -0.00263873 0.00125
0.0477899 -0.00278991 0.00125
0.0504404 -0.0029404 0.00125
0.0530902 -0.00309017 0.00125
0.0557392 -0.00323917 0.00125
0.0583874 -0.00338738 0.00125
0.0610347 -0.00353475 0.00125
0.0636812 -0.00368125 0.00125
0.0663268 -0.00382683 0.00125
0.0689715 -0.00397148 0.00125
0.0716151 -0.00411514 0.00125
0.0742578 -0.00425779 0.00125
0.0768994 -0.00439939 0.00125
0.0795399 -0.0045399 0.00125
0.0821793 -0.0046793 0.00125
0.0848175 -0.00481754 0.00125
0.0874546 -0.00495459 0.00125
0.0900904 -0.00509041 0.00125
0.092725 -0.00522499 0.00125
0.0953583 -0.00535827 0.00125
0.0979902 -0.00549023 0.00125
0.100621 -0.00562083 0.00125
0.10325 -0.00575005 0.00125
0.105878 -0.00587785 0.00125
0.108504 -0.0060042 0.00125
0.111129 -0.00612907 0.00125
0.113752 -0.00625243 0.00125
0.116374 -0.00637424 0.00125
0.118994 -0.00649448 0.00125
0.121613 -0.00661312 0.00125
0.12423 -0.00673013 0.00125
0.126845 -0.00684547 0.00125
0.129459 -0.00695913 0.00125
0.132071 -0.00707107 0.00125
0.134681 -0.00718126 0.00125
0.13729 -0.00728969 0.00125
0.139896 -0.00739631 0.00125
0.142501 -0.00750111 0.00125
0.145104 -0.00760406 0.00125
0.147705 -0.00770513 0.00125
0.150304 -0.0078043 0.00125
0.152902 -0.00790155 0.00125
0.155497 -0.00799685 0.00125
0.15809 -0.00809017 0.00125
0.160681 -0.0081815 0.00125
0.163271 -0.00827081 0.00125
0.165858 -0.00835807 0.00125
0.168443 -0.00844328 0.00125
0.171026 -0.0085264 0.00125
0.173607 -0.00860742 0.00125
0.176186 -0.00868632 0.00125
0.178763 -0.00876307 0.00125
0.181338 -0.00883766 0.00125
0.18391 -0.00891007 0.00125
0.18648 -0.00898028 0.00125
0.189048 -0.00904827 0.00125
0.191614 -0.00911403 0.00125
0.194178 -0.00917755 0.00125
0.196739 -0.0092388 0.00125
0.199298 -0.00929776 0.00125
0.201854 -0.00935444 0.00125
0.204409 -0.00940881 0.00125
0.206961 -0.00946085 0.00125
0.209511 -0.00951057 0.00125
0.212058 -0.00955793 0.00125
0.214603 -0.00960294 0.00125
0.217146 -0.00964557 0.00125
0.219686 -0.00968583 0.00125
0.222224 -0.0097237 0.00125
0.224759 -0.00975917 0.00125
0.227292 -0.00979223 0.00125
0.229823 -0.00982287 0.00125
0.232351 -0.00985109 0.00125
0.234877 -0.00987688 0.00125
0.2374 -0.00990024 0.00125
0.239921 -0.00992115 0.00125
0.24244 -0.00993961 0.00125
0.244956 -0.00995562 0.00125
0.247469 -0.00996917 0.00125
0.24998 -0.00998027 0.00125
0.252489 -0.0099889 0.00125
0.254995 -0.00999507 0.00125
0.257499 -0.00999877 0.00125
0.26 -0.01 0.00125
0.262499 -0.00999877 0.00125
0.264995 -0.00999507 0.00125
0.267489 -0.0099889 0.00125
0.26998 -0.00998027 0.00125
0.272469 -0.00996917 0.00125
0.274956 -0.00995562 0.00125
0.27744 -0.00993961 0.00125
0.279921 -0.00992115 0.00125
0.2824 -0.00990024 0.00125
0.284877 -0.00987688 0.00125
0.287351 -0.00985109 0.00125
0.289823 -0.00982287 0.00125
0.292292 -0.00979223 0.00125
0.294759 -0.00975917 0.00125
0.297224 -0.0097237 0.00125
0.299686 -0.00968583 0.00125
0.302146 -0.00964557 0.00125
0.304603 -0.00960294 0.00125
0.307058 -0.00955793 0.00125
0.309511 -0.00951057 0.00125
0.311961 -0.00946085 0.00125
0.314409 -0.00940881 0.00125
0.316854 -0.00935444 0.00125
0.319298 -0.00929776 0.00125
0.321739 -0.0092388 0.00125
0.324178 -0.00917755 0.00125
0.326614 -0.00911403 0.00125
0.329048 -0.00904827 0.00125
0.33148 -0.00898028 0.00125
0.33391 -0.00891007 0.00125
0.336338 -0.00883766 0.00125
0.338763 -0.00876307 0.00125
0.341186 -0.00868632 0.00125
0.343607 -0.00860742 0.00125
0.346026 -0.0085264 0.00125
0.348443 -0.00844328 0.00125
0.350858 -0.00835807 0.00125
0.353271 -0.00827081 0.00125
0.355681 -0.0081815 0.00125
0.35809 -0.00809017 0.00125
0.360497 -0.00799685 0.00125
0.362902 -0.00790155 0.00125
0.365304 -0.0078043 0.00125
0.367705 -0.00770513 0.00125
0.370104 -0.00760406 0.00125
0.372501 -0.00750111 0.00125
0.374896 -0.00739631 0.00125
0.37729 -0.00728969 0.00125
0.379681 -0.00718126 0.00125
0.382071 -0.00707107 0.00125
0.384459 -0.00695913 0.00125
0.386845 -0.00684547 0.00125
0.38923 -0.00673013 0.00125
0.391613 -0.00661312 0.00125
0.393994 -0.00649448 0.00125
0.396374 -0.00637424 0.00125
0.398752 -0.00625243 0.00125
0.401129 -0.00612907 0.00125
0.403504 -0.0060042 0.00125
0.405878 -0.00587785 0.00125
0.40825 -0.00575005 0.00125
0.410621 -0.00562083 0.00125
0.41299 -0.00549023 0.00125
0.415358 -0.00535827 0.00125
0.417725 -0.00522499 0.00125
0.42009 -0.00509041 0.00125
0.422455 -0.00495459 0.00125
0.424818 -0.00481754 0.00125
0.427179 -0.0046793 0.00125
0.42954 -0.0045399 0.00125
0.431899 -0.00439939 0.00125
0.434258 -0.00425779 0.00125
0.436615 -0.00411514 0.00125
0.438971 -0.00397148 0.00125
0.441327 -0.00382683 0.00125
0.443681 -0.00368125 0.00125
0.446035 -0.00353475 0.00125
0.448387 -0.00338738 0.00125
0.450739 -0.00323917 0.00125
0.45309 -0.00309017 0.00125
0.45544 -0.0029404 0.00125
0.45779 -0.00278991 0.00125
0.460139 -0.00263873 0.00125
0.462487 -0.0024869 0.00125
0.464834 -0.00233445 0.00125
0.467181 -0.00218143 0.00125
0.469528 -0.00202787 0.00125
0.471874 -0.00187381 0.00125
0.474219 -0.00171929 0.00125
0.476564 -0.00156434 0.00125
0.478909 -0.00140901 0.00125
0.481253 -0.00125333 0.00125
0.483597 -0.00109734 0.00125
0.485941 -0.000941083 0.00125
0.488285 -0.000784591 0.00125
0.490628 -0.000627905 0.00125
0.492971 -0.000471065 0.00125
0.495314 -0.000314108 0.00125
0.497657 -0.000157073 0.00125
0.5 -1.22465e-18 0.00125
0.502343 0.000157073 0.00125
0.504686 0.000314108 0.00125
0.507029 0.000471065 0.00125
0.509372 0.000627905 0.00125
0.511715 0.000784591 0.00125
0.514059 0.000941083 0.00125
0.516403 0.00109734 0.00125
0.518747 0.00125333 0.00125
0.521091 0.00140901 0.00125
0.523436 0.00156434 0.00125
0.525781 0.00171929 0.00125
0.528126 0.00187381 0.00125
0.530472 0.00202787 0.00125
0.532819 0.00218143 0.00125
0.535166 0.00233445 0.00125
0.537513 0.0024869 0.00125
0.539861 0.00263873 0.00125
0.54221 0.00278991 0.00125
0.54456 0.0029404 0.00125
0.54691 0.00309017 0.00125
0.549261 0.00323917 0.00125
0.551613 0.00338738 0.00125
0.553965 0.00353475 0.00125
0.556319 0.00368125 0.00125
0.558673 0.00382683 0.00125
0.561029 0.00397148 0.00125
0.563385 0.00411514 0.00125
0.565742 0.00425779 0.00125
0.568101 0.00439939 0.00125
0.57046 0.0045399 0.00125
0.572821 0.0046793 0.00125
0.575182 0.00481754 0.00125
0.577545 0.00495459 0.00125
0.57991 0.00509041 0.00125
0.582275 0.00522499 0.00125
0.584642 0.00535827 0.00125
0.58701 0.00549023 0.00125
0.589379 0.00562083 0.00125
0.59175 0.00575005 0.00125
0.594122 0.00587785 0.00125
0.596496 0.0060042 0.00125
0.598871 0.00612907 0.00125
0.601248 0.00625243 0.00125
0.603626 0.00637424 0.00125
0.606006 0.00649448 0.00125
0.608387 0.00661312 0.00125
0.61077 0.00673013 0.00125
0.613155 0.00684547 0.00125
0.615541 0.00695913 0.00125
0.617929 0.00707107 0.00125
0.620319 0.00718126 0.00125
0.62271 0.00728969 0.00125
0.625104 0.00739631 0.00125
0.627499 0.00750111 0.00125
0.629896 0.00760406 0.00125
0.632295 0.00770513 0.00125
0.634696 0.0078043 0.00125
0.637098 0.00790155 0.00125
0.639503 0.00799685 0.00125
0.64191 0.00809017 0.00125
0.644319 0.0081815 0.00125
0.646729 0.00827081 0.00125
0.649142 0.00835807 0.00125
0.651557 0.00844328 0.00125
0.653974 0.0085264 0.00125
0.656393 0.00860742 0.00125
0.658814 0.00868632 0.00125
0.661237 0.00876307 0.00125
0.663662 0.00883766 0.00125
0.66609 0.00891007 0.00125
0.66852 0.00898028 0.00125
0.670952 0.00904827 0.00125
0.673386 0.00911403 0.00125
0.675822 0.00917755 0.00125
0.678261 0.0092388 0.00125
0.680702 0.00929776 0.00125
0.683146 0.00935444 0.00125
0.685591 0.00940881 0.00125
0.688039 0.00946085 0.00125
0.690489 0.00951057 0.00125
0.692942 0.00955793 0.00125
0.695397 0.00960294 0.00125
0.697854 0.00964557 0.00125
0.700314 0.00968583 0.00125
0.702776 0.0097237 0.00125
0.705241 0.00975917 0.00125
0.707708 0.00979223 0.00125
0.710177 0.00982287 0.00125
0.712649 0.00985109 0.00125
0.715123 0.00987688 0.00125
0.7176 0.00990024 0.00125
0.720079 0.00992115 0.00125
0.72256 0.00993961 0.00125
0.725044 0.00995562 0.00125
0.727531 0.00996917 0.00125
0.73002 0.00998027 0.00125
0.732511 0.0099889 0.00125
0.735005 0.00999507 0.00125
0.737501 0.00999877 0.00125
0.74 0.01 0.00125
0.742501 0.00999877 0.00125
0.745005 0.00999507 0.00125
0.747511 0.0099889 0.00125
0.75002 0.00998027 0.00125
0.752531 0.00996917 0.00125
0.755044 0.00995562 0.00125
0.75756 0.00993961 0.00125
0.760079 0.00992115 0.00125
0.7626 0.00990024 0.00125
0.765123 0.00987688 0.00125
0.767649 0.00985109 0.00125
0.770177 0.00982287 0.00125
0.772708 0.00979223 0.00125
0.775241 0.00975917 0.00125
0.777776 0.0097237 0.00125
0.780314 0.00968583 0.00125
0.782854 0.00964557 0.00125
0.785397 0.00960294 0.00125
0.787942 0.00955793 0.00125
0.790489 0.00951057 0.00125
0.793039 0.00946085 0.00125
0.795591 0.00940881 0.00125
0.798146 0.00935444 0.00125
0.800702 0.00929776 0.00125
0.803261 0.0092388 0.00125
0.805822 0.00917755 0.00125
0.808386 0.00911403 0.00125
0.810952 0.00904827 0.00125
0.81352 0.00898028 0.00125
0.81609 0.00891007 0.00125
0.818662 0.00883766 0.00125
0.821237 0.00876307 0.00125
0.823814 0.00868632 0.00125
0.826393 0.00860742 0.00125
0.828974 0.0085264 0.00125
0.831557 0.00844328 0.00125
0.834142 0.00835807 0.00125
0.836729 0.00827081 0.00125
0.839319 0.0081815 0.00125
0.84191 0.00809017 0.00125
0.844503 0.00799685 0.00125
0.847098 0.00790155 0.00125
0.849696 0.0078043 0.00125
0.852295 0.00770513 0.00125
0.854896 0.00760406 0.00125
0.857499 0.00750111 0.00125
0.860104 0.00739631 0.00125
0.86271 0.00728969 0.00125
0.865319 0.00718126 0.00125
0.867929 0.00707107 0.00125
0.870541 0.00695913 0.00125
0.873155 0.00684547 0.00125
0.87577 0.00673013 0.00125
0.878387 0.00661312 0.00125
0.881006 0.00649448 0.00125
0.883626 0.00637424 0.00125
0.886248 0.00625243 0.00125
0.888871 0.00612907 0.00125
0.891496 0.0060042 0.00125
0.894122 0.00587785 0.00125
0.89675 0.00575005 0.00125
0.899379 0.00562083 0.00125
0.90201 0.00549023 0.00125
0.904642 0.00535827 0.00125
0.907275 0.00522499 0.00125
0.90991 0.00509041 0.00125
0.912545 0.00495459 0.00125
0.915182 0.00481754 0.00125
0.917821 0.0046793 0.00125
0.92046 0.0045399 0.00125
0.923101 0.00439939 0.00125
0.925742 0.00425779 0.00125
0.928385 0.00411514 0.00125
0.931029 0.00397148 0.00125
0.933673 0.00382683 0.00125
0.936319 0.00368125 0.00125
0.938965 0.00353475 0.00125
0.941613 0.00338738 0.00125
0.944261 0.00323917 0.00125
0.94691 0.00309017 0.00125
0.94956 0.0029404 0.00125
0.95221 0.00278991 0.00125
0.954861 0.00263873 0.00125
0.957513 0.0024869 0.00125
0.960166 0.00233445 0.00125
0.962819 0.00218143 0.00125
0.965472 0.00202787 0.00125
0.968126 0.00187381 0.00125
0.970781 0.00171929 0.00125
0.973436 0.00156434 0.00125
0.976091 0.00140901 0.00125
0.978747 0.00125333 0.00125
0.981403 0.00109734 0.00125
0.984059 0.000941083 0.00125
0.986715 0.000784591 0.00125
0.989372 0.000627905 0.00125
0.992029 0.000471065 0.00125
0.994686 0.000314108 0.00125
0.997343 0.000157073 0.00125
