3.9999355538280400e-02 3.9999855551683547e-02 1.2799656888888894e-01
3.9999355538280400e-02 -3.9999855551683547e-02 1.2799656888888894e-01
-3.9999355538280400e-02 3.9999855551683547e-02 1.2799656888888894e-01
-3.9999355538280400e-02 -3.9999855551683547e-02 1.2799656888888894e-01
3.9998688760860969e-02 1.1999906657552820e-01 1.2798750222222224e-01
3.9998688760860969e-02 -1.1999906657552820e-01 1.2798750222222224e-01
-3.9998688760860969e-02 1.1999906657552820e-01 1.2798750222222224e-01
-3.9998688760860969e-02 -1.1999906657552820e-01 1.2798750222222224e-01
3.9997354525657704e-02 1.9999677652286024e-01 1.2795016888888894e-01
3.9997354525657704e-02 -1.9999677652286024e-01 1.2795016888888894e-01
-3.9997354525657704e-02 1.9999677652286024e-01 1.2795016888888894e-01
-3.9997354525657704e-02 -1.9999677652286024e-01 1.2795016888888894e-01
3.9995349967120210e-02 2.7999197924950636e-01 1.2784616888888894e-01
3.9995349967120210e-02 -2.7999197924950636e-01 1.2784616888888894e-01
-3.9995349967120210e-02 2.7999197924950636e-01 1.2784616888888894e-01
-3.9995349967120210e-02 -2.7999197924950636e-01 1.2784616888888894e-01
3.9992666998862031e-02 3.5998365119655101e-01 1.2761790222222219e-01
3.9992666998862031e-02 -3.5998365119655101e-01 1.2761790222222219e-01
-3.9992666998862031e-02 3.5998365119655101e-01 1.2761790222222219e-01
-3.9992666998862031e-02 -3.5998365119655101e-01 1.2761790222222219e-01
3.9989287646674608e-02 4.3997072553130917e-01 1.2718856888888905e-01
3.9989287646674608e-02 -4.3997072553130917e-01 1.2718856888888905e-01
-3.9989287646674608e-02 4.3997072553130917e-01 1.2718856888888905e-01
-3.9989287646674608e-02 -4.3997072553130917e-01 1.2718856888888905e-01
3.9985177473189353e-02 5.1995204608928636e-01 1.2646216888888884e-01
3.9985177473189353e-02 -5.1995204608928636e-01 1.2646216888888884e-01
-3.9985177473189353e-02 5.1995204608928636e-01 1.2646216888888884e-01
-3.9985177473189353e-02 -5.1995204608928636e-01 1.2646216888888884e-01
3.9980276467076067e-02 5.9992629209071302e-01 1.2532350222222235e-01
3.9980276467076067e-02 -5.9992629209071302e-01 1.2532350222222235e-01
-3.9980276467076067e-02 5.9992629209071302e-01 1.2532350222222235e-01
-3.9980276467076067e-02 -5.9992629209071302e-01 1.2532350222222235e-01
3.9974486124169935e-02 6.7989185935677265e-01 1.2363816888888884e-01
3.9974486124169935e-02 -6.7989185935677265e-01 1.2363816888888884e-01
-3.9974486124169935e-02 6.7989185935677265e-01 1.2363816888888884e-01
-3.9974486124169935e-02 -6.7989185935677265e-01 1.2363816888888884e-01
3.9967650261558726e-02 7.5984667303085396e-01 1.2125256888888886e-01
3.9967650261558726e-02 -7.5984667303085396e-01 1.2125256888888886e-01
-3.9967650261558726e-02 7.5984667303085396e-01 1.2125256888888886e-01
-3.9967650261558726e-02 -7.5984667303085396e-01 1.2125256888888886e-01
3.9959524838722373e-02 8.3978788508392954e-01 1.1799390222222236e-01
3.9959524838722373e-02 -8.3978788508392954e-01 1.1799390222222236e-01
-3.9959524838722373e-02 8.3978788508392954e-01 1.1799390222222236e-01
-3.9959524838722373e-02 -8.3978788508392954e-01 1.1799390222222236e-01
3.9949727453167820e-02 9.1971136451396929e-01 1.1367016888888901e-01
3.9949727453167820e-02 -9.1971136451396929e-01 1.1367016888888901e-01
-3.9949727453167820e-02 9.1971136451396929e-01 1.1367016888888901e-01
-3.9949727453167820e-02 -9.1971136451396929e-01 1.1367016888888901e-01
3.9937647095788134e-02 9.9961078785519930e-01 1.0807016888888871e-01
3.9937647095788134e-02 -9.9961078785519930e-01 1.0807016888888871e-01
-3.9937647095788134e-02 9.9961078785519930e-01 1.0807016888888871e-01
-3.9937647095788134e-02 -9.9961078785519930e-01 1.0807016888888871e-01
3.9922270701298092e-02 1.0794758977369512e+00 1.0096350222222233e-01
3.9922270701298092e-02 -1.0794758977369512e+00 1.0096350222222233e-01
-3.9922270701298092e-02 1.0794758977369512e+00 1.0096350222222233e-01
-3.9922270701298092e-02 -1.0794758977369512e+00 1.0096350222222233e-01
3.9901819402442591e-02 1.1592888623971827e+00 9.2100568888888970e-02
3.9901819402442591e-02 -1.1592888623971827e+00 9.2100568888888970e-02
-3.9901819402442591e-02 1.1592888623971827e+00 9.2100568888888970e-02
-3.9901819402442591e-02 -1.1592888623971827e+00 9.2100568888888970e-02
3.9872895427024227e-02 1.2390157538833073e+00 8.1212568888888947e-02
3.9872895427024227e-02 -1.2390157538833073e+00 8.1212568888888947e-02
-3.9872895427024227e-02 1.2390157538833073e+00 8.1212568888888947e-02
-3.9872895427024227e-02 -1.2390157538833073e+00 8.1212568888888947e-02
3.9828149330034902e-02 1.3185832670918147e+00 6.8011502222222256e-02
3.9828149330034902e-02 -1.3185832670918147e+00 6.8011502222222256e-02
-3.9828149330034902e-02 1.3185832670918147e+00 6.8011502222222256e-02
-3.9828149330034902e-02 -1.3185832670918147e+00 6.8011502222222256e-02
3.9748257398498563e-02 1.3977986829022211e+00 5.2190168888888729e-02
3.9748257398498563e-02 -1.3977986829022211e+00 5.2190168888888729e-02
-3.9748257398498563e-02 1.3977986829022211e+00 5.2190168888888729e-02
-3.9748257398498563e-02 -1.3977986829022211e+00 5.2190168888888729e-02
3.9560935469577889e-02 1.4759410147994918e+00 3.3422168888888888e-02
3.9560935469577889e-02 -1.4759410147994918e+00 3.3422168888888888e-02
-3.9560935469577889e-02 1.4759410147994918e+00 3.3422168888888888e-02
-3.9560935469577889e-02 -1.4759410147994918e+00 3.3422168888888888e-02
3.8629330192828541e-02 1.5461413627832987e+00 1.1387711921874915e-02
3.8629330192828541e-02 -1.5461413627832987e+00 1.1387711921874915e-02
-3.8629330192828541e-02 1.5461413627832987e+00 1.1387711921874915e-02
-3.8629330192828541e-02 -1.5461413627832987e+00 1.1387711921874915e-02
1.1999006010495543e-01 3.9999188353089202e-02 1.2791550222222228e-01
1.1999006010495543e-01 -3.9999188353089202e-02 1.2791550222222228e-01
-1.1999006010495543e-01 3.9999188353089202e-02 1.2791550222222228e-01
-1.1999006010495543e-01 -3.9999188353089202e-02 1.2791550222222228e-01
1.1998805554671244e-01 1.1999706393327011e-01 1.2788083555555563e-01
1.1998805554671244e-01 -1.1999706393327011e-01 1.2788083555555563e-01
-1.1998805554671244e-01 1.1999706393327011e-01 1.2788083555555563e-01
-1.1998805554671244e-01 -1.1999706393327011e-01 1.2788083555555563e-01
1.1998404077060042e-01 1.9999343378985660e-01 1.2779230222222226e-01
1.1998404077060042e-01 -1.9999343378985660e-01 1.2779230222222226e-01
-1.1998404077060042e-01 1.9999343378985660e-01 1.2779230222222226e-01
-1.1998404077060042e-01 -1.9999343378985660e-01 1.2779230222222226e-01
1.1997799989328725e-01 2.7998728362626185e-01 1.2761150222222226e-01
1.1997799989328725e-01 -2.7998728362626185e-01 1.2761150222222226e-01
-1.1997799989328725e-01 2.7998728362626185e-01 1.2761150222222226e-01
-1.1997799989328725e-01 -2.7998728362626185e-01 1.2761150222222226e-01
1.1996989753681342e-01 3.5997757400014263e-01 1.2728083555555553e-01
1.1996989753681342e-01 -3.5997757400014263e-01 1.2728083555555553e-01
-1.1996989753681342e-01 3.5997757400014263e-01 1.2728083555555553e-01
-1.1996989753681342e-01 -3.5997757400014263e-01 1.2728083555555553e-01
1.1995966441443748e-01 4.3996321089330170e-01 1.2672350222222237e-01
1.1995966441443748e-01 -4.3996321089330170e-01 1.2672350222222237e-01
-1.1995966441443748e-01 4.3996321089330170e-01 1.2672350222222237e-01
-1.1995966441443748e-01 -4.3996321089330170e-01 1.2672350222222237e-01
1.1994717671910526e-01 5.1994299515857234e-01 1.2584350222222218e-01
1.1994717671910526e-01 -5.1994299515857234e-01 1.2584350222222218e-01
-1.1994717671910526e-01 5.1994299515857234e-01 1.2584350222222218e-01
-1.1994717671910526e-01 -5.1994299515857234e-01 1.2584350222222218e-01
1.1993222707413607e-01 5.9991554081786935e-01 1.2452563555555568e-01
1.1993222707413607e-01 -5.9991554081786935e-01 1.2452563555555568e-01
-1.1993222707413607e-01 5.9991554081786935e-01 1.2452563555555568e-01
-1.1993222707413607e-01 -5.9991554081786935e-01 1.2452563555555568e-01
1.1991448262145445e-01 6.7987914610769973e-01 1.2263550222222218e-01
1.1991448262145445e-01 -6.7987914610769973e-01 1.2263550222222218e-01
-1.1991448262145445e-01 6.7987914610769973e-01 1.2263550222222218e-01
-1.1991448262145445e-01 -6.7987914610769973e-01 1.2263550222222218e-01
1.1989342176538126e-01 7.5983158885141189e-01 1.2001950222222219e-01
1.1989342176538126e-01 -7.5983158885141189e-01 1.2001950222222219e-01
-1.1989342176538126e-01 7.5983158885141189e-01 1.2001950222222219e-01
-1.1989342176538126e-01 -7.5983158885141189e-01 1.2001950222222219e-01
1.1986823322316657e-01 8.3976979267393703e-01 1.1650483555555566e-01
1.1986823322316657e-01 -8.3976979267393703e-01 1.1650483555555566e-01
-1.1986823322316657e-01 8.3976979267393703e-01 1.1650483555555566e-01
-1.1986823322316657e-01 -8.3976979267393703e-01 1.1650483555555566e-01
1.1983764479460700e-01 9.1968925767835807e-01 1.1189950222222235e-01
1.1983764479460700e-01 -9.1968925767835807e-01 1.1189950222222235e-01
-1.1983764479460700e-01 9.1968925767835807e-01 1.1189950222222235e-01
-1.1983764479460700e-01 -9.1968925767835807e-01 1.1189950222222235e-01
1.1979961312075159e-01 9.9958303051609432e-01 1.0599230222222206e-01
1.1979961312075159e-01 -9.9958303051609432e-01 1.0599230222222206e-01
-1.1979961312075159e-01 9.9958303051609432e-01 1.0599230222222206e-01
-1.1979961312075159e-01 -9.9958303051609432e-01 1.0599230222222206e-01
1.1975071781011502e-01 1.0794396995308282e+00 9.8552835555555662e-02
1.1975071781011502e-01 -1.0794396995308282e+00 9.8552835555555662e-02
-1.1975071781011502e-01 1.0794396995308282e+00 9.8552835555555662e-02
-1.1975071781011502e-01 -1.0794396995308282e+00 9.8552835555555662e-02
1.1968486518231120e-01 1.1592391167420943e+00 8.9331502222222317e-02
1.1968486518231120e-01 -1.1592391167420943e+00 8.9331502222222317e-02
-1.1968486518231120e-01 1.1592391167420943e+00 8.9331502222222317e-02
-1.1968486518231120e-01 -1.1592391167420943e+00 8.9331502222222317e-02
1.1959016563319105e-01 1.2389421084360261e+00 7.8059502222222285e-02
1.1959016563319105e-01 -1.2389421084360261e+00 7.8059502222222285e-02
-1.1959016563319105e-01 1.2389421084360261e+00 7.8059502222222285e-02
-1.1959016563319105e-01 -1.2389421084360261e+00 7.8059502222222285e-02
1.1944006022210353e-01 1.3184612579501482e+00 6.4448835555555584e-02
1.1944006022210353e-01 -1.3184612579501482e+00 6.4448835555555584e-02
-1.1944006022210353e-01 1.3184612579501482e+00 6.4448835555555584e-02
-1.1944006022210353e-01 -1.3184612579501482e+00 6.4448835555555584e-02
1.1916087290289239e-01 1.3975540953151766e+00 4.8192302222222080e-02
1.1916087290289239e-01 -1.3975540953151766e+00 4.8192302222222080e-02
-1.1916087290289239e-01 1.3975540953151766e+00 4.8192302222222080e-02
-1.1916087290289239e-01 -1.3975540953151766e+00 4.8192302222222080e-02
1.1844468164377916e-01 1.4752071603372705e+00 2.8963502222222215e-02
1.1844468164377916e-01 -1.4752071603372705e+00 2.8963502222222215e-02
-1.1844468164377916e-01 1.4752071603372705e+00 2.8963502222222215e-02
-1.1844468164377916e-01 -1.4752071603372705e+00 2.8963502222222215e-02
1.1482370502058915e-01 1.5411265120765376e+00 7.2222013900556763e-03
1.1482370502058915e-01 -1.5411265120765376e+00 7.2222013900556763e-03
-1.1482370502058915e-01 1.5411265120765376e+00 7.2222013900556763e-03
-1.1482370502058915e-01 -1.5411265120765376e+00 7.2222013900556763e-03
1.9995658995093629e-01 3.9997846236640280e-02 1.2744616888888896e-01
1.9995658995093629e-01 -3.9997846236640280e-02 1.2744616888888896e-01
-1.9995658995093629e-01 3.9997846236640280e-02 1.2744616888888896e-01
-1.9995658995093629e-01 -3.9997846236640280e-02 1.2744616888888896e-01
1.9995321060795920e-01 1.1999303184233093e-01 1.2736030222222228e-01
1.9995321060795920e-01 -1.1999303184233093e-01 1.2736030222222228e-01
-1.9995321060795920e-01 1.1999303184233093e-01 1.2736030222222228e-01
-1.9995321060795920e-01 -1.1999303184233093e-01 1.2736030222222228e-01
1.9994643014663077e-01 1.9998669141429876e-01 1.2716936888888894e-01
1.9994643014663077e-01 -1.9998669141429876e-01 1.2716936888888894e-01
-1.9994643014663077e-01 1.9998669141429876e-01 1.2716936888888894e-01
-1.9994643014663077e-01 -1.9998669141429876e-01 1.2716936888888894e-01
1.9993619705578575e-01 2.7997778670782281e-01 1.2683496888888893e-01
1.9993619705578575e-01 -2.7997778670782281e-01 1.2683496888888893e-01
-1.9993619705578575e-01 2.7997778670782281e-01 1.2683496888888893e-01
-1.9993619705578575e-01 -2.7997778670782281e-01 1.2683496888888893e-01
1.9992241369966871e-01 3.5996523818445259e-01 1.2629950222222217e-01
1.9992241369966871e-01 -3.5996523818445259e-01 1.2629950222222217e-01
-1.9992241369966871e-01 3.5996523818445259e-01 1.2629950222222217e-01
-1.9992241369966871e-01 -3.5996523818445259e-01 1.2629950222222217e-01
1.9990491028174578e-01 4.3994788766096149e-01 1.2548616888888903e-01
1.9990491028174578e-01 -4.3994788766096149e-01 1.2548616888888903e-01
-1.9990491028174578e-01 4.3994788766096149e-01 1.2548616888888903e-01
-1.9990491028174578e-01 -4.3994788766096149e-01 1.2548616888888903e-01
1.9988340655941086e-01 5.1992443738158478e-01 1.2429896888888886e-01
1.9988340655941086e-01 -5.1992443738158478e-01 1.2429896888888886e-01
-1.9988340655941086e-01 5.1992443738158478e-01 1.2429896888888886e-01
-1.9988340655941086e-01 -5.1992443738158478e-01 1.2429896888888886e-01
1.9985745615783751e-01 5.9989335308147407e-01 1.2262270222222235e-01
1.9985745615783751e-01 -5.9989335308147407e-01 1.2262270222222235e-01
-1.9985745615783751e-01 5.9989335308147407e-01 1.2262270222222235e-01
-1.9985745615783751e-01 -5.9989335308147407e-01 1.2262270222222235e-01
1.9982636362252887e-01 6.7985271049015206e-01 1.2032296888888885e-01
1.9982636362252887e-01 -6.7985271049015206e-01 1.2032296888888885e-01
-1.9982636362252887e-01 6.7985271049015206e-01 1.2032296888888885e-01
-1.9982636362252887e-01 -6.7985271049015206e-01 1.2032296888888885e-01
1.9978905541495459e-01 7.5979994835557385e-01 1.1724616888888884e-01
1.9978905541495459e-01 -7.5979994835557385e-01 1.1724616888888884e-01
-1.9978905541495459e-01 7.5979994835557385e-01 1.1724616888888884e-01
-1.9978905541495459e-01 -7.5979994835557385e-01 1.1724616888888884e-01
1.9974386823345869e-01 8.3973145733667887e-01 1.1321950222222234e-01
1.9974386823345869e-01 -8.3973145733667887e-01 1.1321950222222234e-01
-1.9974386823345869e-01 8.3973145733667887e-01 1.1321950222222234e-01
-1.9974386823345869e-01 -8.3973145733667887e-01 1.1321950222222234e-01
1.9968818008028152e-01 9.1964186119900293e-01 1.0805096888888900e-01
1.9968818008028152e-01 -9.1964186119900293e-01 1.0805096888888900e-01
-1.9968818008028152e-01 9.1964186119900293e-01 1.0805096888888900e-01
-1.9968818008028152e-01 -9.1964186119900293e-01 1.0805096888888900e-01
1.9961772199641156e-01 9.9952267779507953e-01 1.0152936888888872e-01
1.9961772199641156e-01 -9.9952267779507953e-01 1.0152936888888872e-01
-1.9961772199641156e-01 9.9952267779507953e-01 1.0152936888888872e-01
-1.9961772199641156e-01 -9.9952267779507953e-01 1.0152936888888872e-01
1.9952518659432331e-01 1.0793596184442711e+00 9.3424302222222297e-02
1.9952518659432331e-01 -1.0793596184442711e+00 9.3424302222222297e-02
-1.9952518659432331e-01 1.0793596184442711e+00 9.3424302222222297e-02
-1.9952518659432331e-01 -1.0793596184442711e+00 9.3424302222222297e-02
1.9939711637131860e-01 1.1591265597793230e+00 8.3486168888888976e-02
1.9939711637131860e-01 -1.1591265597793230e+00 8.3486168888888976e-02
-1.9939711637131860e-01 1.1591265597793230e+00 8.3486168888888976e-02
-1.9939711637131860e-01 -1.1591265597793230e+00 8.3486168888888976e-02
1.9920594140558223e-01 1.2387701348172746e+00 7.1446168888888953e-02
1.9920594140558223e-01 -1.2387701348172746e+00 7.1446168888888953e-02
-1.9920594140558223e-01 1.2387701348172746e+00 7.1446168888888953e-02
-1.9920594140558223e-01 -1.2387701348172746e+00 7.1446168888888953e-02
1.9888524669903379e-01 1.3181618917879863e+00 5.7016302222222238e-02
1.9888524669903379e-01 -1.3181618917879863e+00 5.7016302222222238e-02
-1.9888524669903379e-01 1.3181618917879863e+00 5.7016302222222238e-02
-1.9888524669903379e-01 -1.3181618917879863e+00 5.7016302222222238e-02
1.9822477902215777e-01 1.3968952351325470e+00 3.9889368888888749e-02
1.9822477902215777e-01 -1.3968952351325470e+00 3.9889368888888749e-02
-1.9822477902215777e-01 1.3968952351325470e+00 3.9889368888888749e-02
-1.9822477902215777e-01 -1.3968952351325470e+00 3.9889368888888749e-02
1.9602347797971212e-01 1.4726474331204515e+00 1.9738968888888868e-02
1.9602347797971212e-01 -1.4726474331204515e+00 1.9738968888888868e-02
-1.9602347797971212e-01 1.4726474331204515e+00 1.9738968888888868e-02
-1.9602347797971212e-01 -1.4726474331204515e+00 1.9738968888888868e-02
1.8387054855642718e-01 1.5323181646121633e+00 1.8122886956756993e-03
1.8387054855642718e-01 -1.5323181646121633e+00 1.8122886956756993e-03
-1.8387054855642718e-01 1.5323181646121633e+00 1.8122886956756993e-03
-1.8387054855642718e-01 -1.5323181646121633e+00 1.8122886956756993e-03
2.7988161523625232e-01 3.9995788907411983e-02 1.2597416888888896e-01
2.7988161523625232e-01 -3.9995788907411983e-02 1.2597416888888896e-01
-2.7988161523625232e-01 3.9995788907411983e-02 1.2597416888888896e-01
-2.7988161523625232e-01 -3.9995788907411983e-02 1.2597416888888896e-01
2.7987671432832784e-01 1.1998684169064495e-01 1.2581150222222229e-01
2.7987671432832784e-01 -1.1998684169064495e-01 1.2581150222222229e-01
-2.7987671432832784e-01 1.1998684169064495e-01 1.2581150222222229e-01
-2.7987671432832784e-01 -1.1998684169064495e-01 1.2581150222222229e-01
2.7986685402245581e-01 1.9997630894831708e-01 1.2546696888888895e-01
2.7986685402245581e-01 -1.9997630894831708e-01 1.2546696888888895e-01
-2.7986685402245581e-01 1.9997630894831708e-01 1.2546696888888895e-01
-2.7986685402245581e-01 -1.9997630894831708e-01 1.2546696888888895e-01
2.7985190471561244e-01 2.7996309573914352e-01 1.2490216888888893e-01
2.7985190471561244e-01 -2.7996309573914352e-01 1.2490216888888893e-01
-2.7985190471561244e-01 2.7996309573914352e-01 1.2490216888888893e-01
-2.7985190471561244e-01 -2.7996309573914352e-01 1.2490216888888893e-01
2.7983163921197962e-01 3.5994603879686704e-01 1.2405950222222217e-01
2.7983163921197962e-01 -3.5994603879686704e-01 1.2405950222222217e-01
-2.7983163921197962e-01 3.5994603879686704e-01 1.2405950222222217e-01
-2.7983163921197962e-01 -3.5994603879686704e-01 1.2405950222222217e-01
2.7980568939618983e-01 4.3992385469129852e-01 1.2286216888888904e-01
2.7980568939618983e-01 -4.3992385469129852e-01 1.2286216888888904e-01
-2.7980568939618983e-01 4.3992385469129852e-01 1.2286216888888904e-01
-2.7980568939618983e-01 -4.3992385469129852e-01 1.2286216888888904e-01
2.7977348009334296e-01 5.1989505883947273e-01 1.2121416888888885e-01
2.7977348009334296e-01 -5.1989505883947273e-01 1.2121416888888885e-01
-2.7977348009334296e-01 5.1989505883947273e-01 1.2121416888888885e-01
-2.7977348009334296e-01 -5.1989505883947273e-01 1.2121416888888885e-01
2.7973412877980375e-01 5.9985783789606084e-01 1.1900030222222233e-01
2.7973412877980375e-01 -5.9985783789606084e-01 1.1900030222222233e-01
-2.7973412877980375e-01 5.9985783789606084e-01 1.1900030222222233e-01
-2.7973412877980375e-01 -5.9985783789606084e-01 1.1900030222222233e-01
2.7968628974002002e-01 6.7980984546804868e-01 1.1608616888888884e-01
2.7968628974002002e-01 -6.7980984546804868e-01 1.1608616888888884e-01
-2.7968628974002002e-01 6.7980984546804868e-01 1.1608616888888884e-01
-2.7968628974002002e-01 -6.7980984546804868e-01 1.1608616888888884e-01
2.7962790149950217e-01 7.5974786546852546e-01 1.1231816888888886e-01
2.7962790149950217e-01 -7.5974786546852546e-01 1.1231816888888886e-01
-2.7962790149950217e-01 7.5974786546852546e-01 1.1231816888888886e-01
-2.7962790149950217e-01 -7.5974786546852546e-01 1.1231816888888886e-01
2.7955575521101583e-01 8.3966723306135704e-01 1.0752350222222233e-01
2.7955575521101583e-01 -8.3966723306135704e-01 1.0752350222222233e-01
-2.7955575521101583e-01 8.3966723306135704e-01 1.0752350222222233e-01
-2.7955575521101583e-01 -8.3966723306135704e-01 1.0752350222222233e-01
2.7946470956735681e-01 9.1956078051162304e-01 1.0151016888888899e-01
2.7946470956735681e-01 -9.1956078051162304e-01 1.0151016888888899e-01
-2.7946470956735681e-01 9.1956078051162304e-01 1.0151016888888899e-01
-2.7946470956735681e-01 -9.1956078051162304e-01 1.0151016888888899e-01
2.7934615282124309e-01 9.9941677484806546e-01 9.4066968888888741e-02
2.7934615282124309e-01 -9.9941677484806546e-01 9.4066968888888741e-02
-2.7934615282124309e-01 9.9941677484806546e-01 9.4066968888888741e-02
-2.7934615282124309e-01 -9.9941677484806546e-01 9.4066968888888741e-02
2.7918469985648214e-01 1.0792144956569059e+00 8.4963502222222334e-02
2.7918469985648214e-01 -1.0792144956569059e+00 8.4963502222222334e-02
-2.7918469985648214e-01 1.0792144956569059e+00 8.4963502222222334e-02
-2.7918469985648214e-01 -1.0792144956569059e+00 8.4963502222222334e-02
2.7895019276644439e-01 1.1589135362503571e+00 7.3950168888888945e-02
2.7895019276644439e-01 -1.1589135362503571e+00 7.3950168888888945e-02
-2.7895019276644439e-01 1.1589135362503571e+00 7.3950168888888945e-02
-2.7895019276644439e-01 -1.1589135362503571e+00 7.3950168888888945e-02
2.7857478551763831e-01 1.2384231724341339e+00 6.0758168888888922e-02
2.7857478551763831e-01 -1.2384231724341339e+00 6.0758168888888922e-02
-2.7857478551763831e-01 1.2384231724341339e+00 6.0758168888888922e-02
-2.7857478551763831e-01 -1.2384231724341339e+00 6.0758168888888922e-02
2.7786803066956739e-01 1.3174888828534006e+00 4.5099502222222226e-02
2.7786803066956739e-01 -1.3174888828534006e+00 4.5099502222222226e-02
-2.7786803066956739e-01 1.3174888828534006e+00 4.5099502222222226e-02
-2.7786803066956739e-01 -1.3174888828534006e+00 4.5099502222222226e-02
2.7601359184595908e-01 1.3950197897757162e+00 2.6666968888888767e-02
2.7601359184595908e-01 -1.3950197897757162e+00 2.6666968888888767e-02
-2.7601359184595908e-01 1.3950197897757162e+00 2.6666968888888767e-02
-2.7601359184595908e-01 -1.3950197897757162e+00 2.6666968888888767e-02
2.6750406435223339e-01 1.4626533803345481e+00 6.6164187398987584e-03
2.6750406435223339e-01 -1.4626533803345481e+00 6.6164187398987584e-03
-2.6750406435223339e-01 1.4626533803345481e+00 6.6164187398987584e-03
-2.6750406435223339e-01 -1.4626533803345481e+00 6.6164187398987584e-03
2.4246596801484160e-01 1.5215805306286072e+00 3.1166924621290884e-06
2.4246596801484160e-01 -1.5215805306286072e+00 3.1166924621290884e-06
-2.4246596801484160e-01 1.5215805306286072e+00 3.1166924621290884e-06
-2.4246596801484160e-01 -1.5215805306286072e+00 3.1166924621290884e-06
3.5974332730916742e-01 3.9992887606930642e-02 1.2257790222222219e-01
3.5974332730916742e-01 -3.9992887606930642e-02 1.2257790222222219e-01
-3.5974332730916742e-01 3.9992887606930642e-02 1.2257790222222219e-01
-3.5974332730916742e-01 -3.9992887606930642e-02 1.2257790222222219e-01
3.5973649208724828e-01 1.1997809333211440e-01 1.2231283555555550e-01
3.5973649208724828e-01 -1.1997809333211440e-01 1.2231283555555550e-01
-3.5973649208724828e-01 1.1997809333211440e-01 1.2231283555555550e-01
-3.5973649208724828e-01 -1.1997809333211440e-01 1.2231283555555550e-01
3.5972268865970713e-01 1.9996157213758059e-01 1.2176350222222218e-01
3.5972268865970713e-01 -1.9996157213758059e-01 1.2176350222222218e-01
-3.5972268865970713e-01 1.9996157213758059e-01 1.2176350222222218e-01
-3.5972268865970713e-01 -1.9996157213758059e-01 1.2176350222222218e-01
3.5970162997946958e-01 2.7994210713386053e-01 1.2089150222222218e-01
3.5970162997946958e-01 -2.7994210713386053e-01 1.2089150222222218e-01
-3.5970162997946958e-01 2.7994210713386053e-01 1.2089150222222218e-01
-3.5970162997946958e-01 -2.7994210713386053e-01 1.2089150222222218e-01
3.5967282973835268e-01 3.5991836791705789e-01 1.1963923555555543e-01
3.5967282973835268e-01 -3.5991836791705789e-01 1.1963923555555543e-01
-3.5967282973835268e-01 3.5991836791705789e-01 1.1963923555555543e-01
-3.5967282973835268e-01 -3.5991836791705789e-01 1.1963923555555543e-01
3.5963552585739450e-01 4.3988883188913591e-01 1.1792990222222224e-01
3.5963552585739450e-01 -4.3988883188913591e-01 1.1792990222222224e-01
-3.5963552585739450e-01 4.3988883188913591e-01 1.1792990222222224e-01
-3.5963552585739450e-01 -4.3988883188913591e-01 1.1792990222222224e-01
3.5958855859177652e-01 5.1985166370363967e-01 1.1566750222222212e-01
3.5958855859177652e-01 -5.1985166370363967e-01 1.1566750222222212e-01
-3.5958855859177652e-01 5.1985166370363967e-01 1.1566750222222212e-01
-3.5958855859177652e-01 -5.1985166370363967e-01 1.1566750222222212e-01
3.5953017663003428e-01 5.9980452410940299e-01 1.1273683555555557e-01
3.5953017663003428e-01 -5.9980452410940299e-01 1.1273683555555557e-01
-3.5953017663003428e-01 5.9980452410940299e-01 1.1273683555555557e-01
-3.5953017663003428e-01 -5.9980452410940299e-01 1.1273683555555557e-01
3.5945772017600419e-01 6.7974425612746880e-01 1.0900350222222212e-01
3.5945772017600419e-01 -6.7974425612746880e-01 1.0900350222222212e-01
-3.5945772017600419e-01 6.7974425612746880e-01 1.0900350222222212e-01
-3.5945772017600419e-01 -6.7974425612746880e-01 1.0900350222222212e-01
3.5936707956855696e-01 7.5966634723195314e-01 1.0431390222222212e-01
3.5936707956855696e-01 -7.5966634723195314e-01 1.0431390222222212e-01
-3.5936707956855696e-01 7.5966634723195314e-01 1.0431390222222212e-01
-3.5936707956855696e-01 -7.5966634723195314e-01 1.0431390222222212e-01
3.5925171608977552e-01 8.3956395589670485e-01 9.8495235555555588e-02
3.5925171608977552e-01 -8.3956395589670485e-01 9.8495235555555588e-02
-3.5925171608977552e-01 8.3956395589670485e-01 9.8495235555555588e-02
-3.5925171608977552e-01 -8.3956395589670485e-01 9.8495235555555588e-02
3.5910076133345353e-01 9.1942602350339542e-01 9.1355502222222218e-02
3.5910076133345353e-01 -9.1942602350339542e-01 9.1355502222222218e-02
-3.5910076133345353e-01 9.1942602350339542e-01 9.1355502222222218e-02
-3.5910076133345353e-01 -9.1942602350339542e-01 9.1355502222222218e-02
3.5889498633289107e-01 9.9923327442776710e-01 8.2683502222222025e-02
3.5889498633289107e-01 -9.9923327442776710e-01 8.2683502222222025e-02
-3.5889498633289107e-01 9.9923327442776710e-01 8.2683502222222025e-02
-3.5889498633289107e-01 -9.9923327442776710e-01 8.2683502222222025e-02
3.5859720368888065e-01 1.0789487000113434e+00 7.2248835555555585e-02
3.5859720368888065e-01 -1.0789487000113434e+00 7.2248835555555585e-02
-3.5859720368888065e-01 1.0789487000113434e+00 7.2248835555555585e-02
-3.5859720368888065e-01 -1.0789487000113434e+00 7.2248835555555585e-02
3.5812543755575815e-01 1.1584909703355404e+00 5.9801902222222231e-02
3.5812543755575815e-01 -1.1584909703355404e+00 5.9801902222222231e-02
-3.5812543755575815e-01 1.1584909703355404e+00 5.9801902222222231e-02
-3.5812543755575815e-01 -1.1584909703355404e+00 5.9801902222222231e-02
3.5725733974860852e-01 1.2376397320035801e+00 4.5073902222222198e-02
3.5725733974860852e-01 -1.2376397320035801e+00 4.5073902222222198e-02
-3.5725733974860852e-01 1.2376397320035801e+00 4.5073902222222198e-02
-3.5725733974860852e-01 -1.2376397320035801e+00 4.5073902222222198e-02
3.5510705963146277e-01 1.3155173391481443e+00 2.7776835555555511e-02
3.5510705963146277e-01 -1.3155173391481443e+00 2.7776835555555511e-02
-3.5510705963146277e-01 1.3155173391481443e+00 2.7776835555555511e-02
-3.5510705963146277e-01 -1.3155173391481443e+00 2.7776835555555511e-02
3.4628031552722371e-01 1.3866549346892931e+00 8.6865961963742393e-03
3.4628031552722371e-01 -1.3866549346892931e+00 8.6865961963742393e-03
-3.4628031552722371e-01 1.3866549346892931e+00 8.6865961963742393e-03
-3.4628031552722371e-01 -1.3866549346892931e+00 8.6865961963742393e-03
3.2728704204698744e-01 1.4466632488129292e+00 1.5455212063153281e-04
3.2728704204698744e-01 -1.4466632488129292e+00 1.5455212063153281e-04
-3.2728704204698744e-01 1.4466632488129292e+00 1.5455212063153281e-04
-3.2728704204698744e-01 -1.4466632488129292e+00 1.5455212063153281e-04
4.3950678200786425e-01 3.9988808886455104e-02 1.1602856888888900e-01
4.3950678200786425e-01 -3.9988808886455104e-02 1.1602856888888900e-01
-4.3950678200786425e-01 3.9988808886455104e-02 1.1602856888888900e-01
-4.3950678200786425e-01 -3.9988808886455104e-02 1.1602856888888900e-01
4.3949698800691278e-01 1.1996575907406830e-01 1.1563550222222237e-01
4.3949698800691278e-01 -1.1996575907406830e-01 1.1563550222222237e-01
-4.3949698800691278e-01 1.1996575907406830e-01 1.1563550222222237e-01
-4.3949698800691278e-01 -1.1996575907406830e-01 1.1563550222222237e-01
4.3947711147376373e-01 1.9994067374009497e-01 1.1483016888888901e-01
4.3947711147376373e-01 -1.9994067374009497e-01 1.1483016888888901e-01
-4.3947711147376373e-01 1.9994067374009497e-01 1.1483016888888901e-01
-4.3947711147376373e-01 -1.9994067374009497e-01 1.1483016888888901e-01
4.3944653455629284e-01 2.7991208016470731e-01 1.1357416888888898e-01
4.3944653455629284e-01 -2.7991208016470731e-01 1.1357416888888898e-01
-4.3944653455629284e-01 2.7991208016470731e-01 1.1357416888888898e-01
-4.3944653455629284e-01 -2.7991208016470731e-01 1.1357416888888898e-01
4.3940422052858930e-01 3.5987830773724361e-01 1.1180990222222226e-01
4.3940422052858930e-01 -3.5987830773724361e-01 1.1180990222222226e-01
-4.3940422052858930e-01 3.5987830773724361e-01 1.1180990222222226e-01
-4.3940422052858930e-01 -3.5987830773724361e-01 1.1180990222222226e-01
4.3934855648475435e-01 4.3983735350584702e-01 1.0946056888888908e-01
4.3934855648475435e-01 -4.3983735350584702e-01 1.0946056888888908e-01
-4.3934855648475435e-01 4.3983735350584702e-01 1.0946056888888908e-01
-4.3934855648475435e-01 -4.3983735350584702e-01 1.0946056888888908e-01
4.3927709052253699e-01 5.1978667368667575e-01 1.0643016888888891e-01
4.3927709052253699e-01 -5.1978667368667575e-01 1.0643016888888891e-01
-4.3927709052253699e-01 5.1978667368667575e-01 1.0643016888888891e-01
-4.3927709052253699e-01 -5.1978667368667575e-01 1.0643016888888891e-01
4.3918608972758483e-01 5.9972284246914176e-01 1.0260350222222239e-01
4.3918608972758483e-01 -5.9972284246914176e-01 1.0260350222222239e-01
-4.3918608972758483e-01 5.9972284246914176e-01 1.0260350222222239e-01
-4.3918608972758483e-01 -5.9972284246914176e-01 1.0260350222222239e-01
4.3906977065314512e-01 6.7964096385673534e-01 9.7846168888888904e-02
4.3906977065314512e-01 -6.7964096385673534e-01 9.7846168888888904e-02
-4.3906977065314512e-01 6.7964096385673534e-01 9.7846168888888904e-02
-4.3906977065314512e-01 -6.7964096385673534e-01 9.7846168888888904e-02
4.3891888654032063e-01 7.5953359610933313e-01 9.2004568888888930e-02
4.3891888654032063e-01 -7.5953359610933313e-01 9.2004568888888930e-02
-4.3891888654032063e-01 7.5953359610933313e-01 9.2004568888888930e-02
-4.3891888654032063e-01 -7.5953359610933313e-01 9.2004568888888930e-02
4.3871794490612054e-01 8.3938863771177186e-01 8.4905902222222343e-02
4.3871794490612054e-01 -8.3938863771177186e-01 8.4905902222222343e-02
-4.3871794490612054e-01 8.3938863771177186e-01 8.4905902222222343e-02
-4.3871794490612054e-01 -8.3938863771177186e-01 8.4905902222222343e-02
4.3843920592240521e-01 9.1918477295422052e-01 7.6358168888888994e-02
4.3843920592240521e-01 -9.1918477295422052e-01 7.6358168888888994e-02
-4.3843920592240521e-01 9.1918477295422052e-01 7.6358168888888994e-02
-4.3843920592240521e-01 -9.1918477295422052e-01 7.6358168888888994e-02
4.3802807188600118e-01 9.9888039254523120e-01 6.6150168888888819e-02
4.3802807188600118e-01 -9.9888039254523120e-01 6.6150168888888819e-02
-4.3802807188600118e-01 9.9888039254523120e-01 6.6150168888888819e-02
-4.3802807188600118e-01 -9.9888039254523120e-01 6.6150168888888819e-02
4.3736092358991280e-01 1.0783816323986635e+00 5.4051502222222311e-02
4.3736092358991280e-01 -1.0783816323986635e+00 5.4051502222222311e-02
-4.3736092358991280e-01 1.0783816323986635e+00 5.4051502222222311e-02
-4.3736092358991280e-01 -1.0783816323986635e+00 5.4051502222222311e-02
4.3608698001345864e-01 1.1574225180479019e+00 3.9812568888888934e-02
4.3608698001345864e-01 -1.1574225180479019e+00 3.9812568888888934e-02
-4.3608698001345864e-01 1.1574225180479019e+00 3.9812568888888934e-02
-4.3608698001345864e-01 -1.1574225180479019e+00 3.9812568888888934e-02
4.3266693118302507e-01 1.2348363746319093e+00 2.3164568888888886e-02
4.3266693118302507e-01 -1.2348363746319093e+00 2.3164568888888886e-02
-4.3266693118302507e-01 1.2348363746319093e+00 2.3164568888888886e-02
-4.3266693118302507e-01 -1.2348363746319093e+00 2.3164568888888886e-02
4.2097889661436821e-01 1.3061721358681353e+00 6.3265282221472005e-03
4.2097889661436821e-01 -1.3061721358681353e+00 6.3265282221472005e-03
-4.2097889661436821e-01 1.3061721358681353e+00 6.3265282221472005e-03
-4.2097889661436821e-01 -1.3061721358681353e+00 6.3265282221472005e-03
4.0541074134779381e-01 1.3664539666702755e+00 1.0180887429367465e-04
4.0541074134779381e-01 -1.3664539666702755e+00 1.0180887429367465e-04
-4.0541074134779381e-01 1.3664539666702755e+00 1.0180887429367465e-04
-4.0541074134779381e-01 -1.3664539666702755e+00 1.0180887429367465e-04
5.1910052291589026e-01 3.9982722721910995e-02 1.0479016888888885e-01
5.1910052291589026e-01 -3.9982722721910995e-02 1.0479016888888885e-01
-5.1910052291589026e-01 3.9982722721910995e-02 1.0479016888888885e-01
-5.1910052291589026e-01 -3.9982722721910995e-02 1.0479016888888885e-01
5.1908516418907724e-01 1.1994728240562229e-01 1.0424350222222220e-01
5.1908516418907724e-01 -1.1994728240562229e-01 1.0424350222222220e-01
-5.1908516418907724e-01 1.1994728240562229e-01 1.0424350222222220e-01
-5.1908516418907724e-01 -1.1994728240562229e-01 1.0424350222222220e-01
5.1905378222849152e-01 1.9990912095032740e-01 1.0313096888888885e-01
5.1905378222849152e-01 -1.9990912095032740e-01 1.0313096888888885e-01
-5.1905378222849152e-01 1.9990912095032740e-01 1.0313096888888885e-01
-5.1905378222849152e-01 -1.9990912095032740e-01 1.0313096888888885e-01
5.1900494815802201e-01 2.7986619796453605e-01 1.0141416888888886e-01
5.1900494815802201e-01 -2.7986619796453605e-01 1.0141416888888886e-01
-5.1900494815802201e-01 2.7986619796453605e-01 1.0141416888888886e-01
-5.1900494815802201e-01 -2.7986619796453605e-01 1.0141416888888886e-01
5.1893624320041820e-01 3.5981608211609689e-01 9.9035502222222113e-02
5.1893624320041820e-01 -3.5981608211609689e-01 9.9035502222222113e-02
-5.1893624320041820e-01 3.5981608211609689e-01 9.9035502222222113e-02
-5.1893624320041820e-01 -3.5981608211609689e-01 9.9035502222222113e-02
5.1884384411378837e-01 4.3975567321552067e-01 9.5918168888888919e-02
5.1884384411378837e-01 -4.3975567321552067e-01 9.5918168888888919e-02
-5.1884384411378837e-01 4.3975567321552067e-01 9.5918168888888919e-02
-5.1884384411378837e-01 -4.3975567321552067e-01 9.5918168888888919e-02
5.1872178696823212e-01 5.1968074830222599e-01 9.1966168888888797e-02
5.1872178696823212e-01 -5.1968074830222599e-01 9.1966168888888797e-02
-5.1872178696823212e-01 5.1968074830222599e-01 9.1966168888888797e-02
-5.1872178696823212e-01 -5.1968074830222599e-01 9.1966168888888797e-02
5.1856063064091384e-01 5.9958516484470137e-01 8.7064302222222265e-02
5.1856063064091384e-01 -5.9958516484470137e-01 8.7064302222222265e-02
-5.1856063064091384e-01 5.9958516484470137e-01 8.7064302222222265e-02
-5.1856063064091384e-01 -5.9958516484470137e-01 8.7064302222222265e-02
5.1834490150191403e-01 6.7945935741134988e-01 8.1078168888888802e-02
5.1834490150191403e-01 -6.7945935741134988e-01 8.1078168888888802e-02
-5.1834490150191403e-01 6.7945935741134988e-01 8.1078168888888802e-02
-5.1834490150191403e-01 -6.7945935741134988e-01 8.1078168888888802e-02
5.1804782373527936e-01 7.5928725365567240e-01 7.3854168888888835e-02
5.1804782373527936e-01 -7.5928725365567240e-01 7.3854168888888835e-02
-5.1804782373527936e-01 7.5928725365567240e-01 7.3854168888888835e-02
-5.1804782373527936e-01 -7.5928725365567240e-01 7.3854168888888835e-02
5.1761927516159456e-01 8.3903924034174382e-01 6.5219502222222239e-02
5.1761927516159456e-01 -8.3903924034174382e-01 6.5219502222222239e-02
-5.1761927516159456e-01 8.3903924034174382e-01 6.5219502222222239e-02
-5.1761927516159456e-01 -8.3903924034174382e-01 6.5219502222222239e-02
5.1695406058109517e-01 9.1865364997524868e-01 5.4982168888888898e-02
5.1695406058109517e-01 -9.1865364997524868e-01 5.4982168888888898e-02
-5.1695406058109517e-01 9.1865364997524868e-01 5.4982168888888898e-02
-5.1695406058109517e-01 -9.1865364997524868e-01 5.4982168888888898e-02
5.1578895235224143e-01 9.9797670016609619e-01 4.2930968888888796e-02
5.1578895235224143e-01 -9.9797670016609619e-01 4.2930968888888796e-02
-5.1578895235224143e-01 9.9797670016609619e-01 4.2930968888888796e-02
-5.1578895235224143e-01 -9.9797670016609619e-01 4.2930968888888796e-02
5.1323036972324865e-01 1.0764869972015978e+00 2.8835502222222236e-02
5.1323036972324865e-01 -1.0764869972015978e+00 2.8835502222222236e-02
-5.1323036972324865e-01 1.0764869972015978e+00 2.8835502222222236e-02
-5.1323036972324865e-01 -1.0764869972015978e+00 2.8835502222222236e-02
5.0537687056246650e-01 1.1522134832109929e+00 1.3057354005544346e-02
5.0537687056246650e-01 -1.1522134832109929e+00 1.3057354005544346e-02
-5.0537687056246650e-01 1.1522134832109929e+00 1.3057354005544346e-02
-5.0537687056246650e-01 -1.1522134832109929e+00 1.3057354005544346e-02
4.9255496270632793e-01 1.2203726755362692e+00 2.0737993564432563e-03
4.9255496270632793e-01 -1.2203726755362692e+00 2.0737993564432563e-03
-4.9255496270632793e-01 1.2203726755362692e+00 2.0737993564432563e-03
-4.9255496270632793e-01 -1.2203726755362692e+00 2.0737993564432563e-03
5.9833833417060844e-01 3.9972330085087451e-02 8.7019502222222295e-02
5.9833833417060844e-01 -3.9972330085087451e-02 8.7019502222222295e-02
-5.9833833417060844e-01 3.9972330085087451e-02 8.7019502222222295e-02
-5.9833833417060844e-01 -3.9972330085087451e-02 8.7019502222222295e-02
5.9830952384385971e-01 1.1991555035756989e-01 8.6293635555555623e-02
5.9830952384385971e-01 -1.1991555035756989e-01 8.6293635555555623e-02
-5.9830952384385971e-01 1.1991555035756989e-01 8.6293635555555623e-02
-5.9830952384385971e-01 -1.1991555035756989e-01 8.6293635555555623e-02
5.9825002824191520e-01 1.9985429477265734e-01 8.4822702222222296e-02
5.9825002824191520e-01 -1.9985429477265734e-01 8.4822702222222296e-02
-5.9825002824191520e-01 1.9985429477265734e-01 8.4822702222222296e-02
-5.9825002824191520e-01 -1.9985429477265734e-01 8.4822702222222296e-02
5.9815574101398516e-01 2.7978501731199729e-01 8.2568302222222292e-02
5.9815574101398516e-01 -2.7978501731199729e-01 8.2568302222222292e-02
-5.9815574101398516e-01 2.7978501731199729e-01 8.2568302222222292e-02
-5.9815574101398516e-01 -2.7978501731199729e-01 8.2568302222222292e-02
5.9801948260392324e-01 3.5970316398257229e-01 7.9472835555555579e-02
5.9801948260392324e-01 -3.5970316398257229e-01 7.9472835555555579e-02
-5.9801948260392324e-01 3.5970316398257229e-01 7.9472835555555579e-02
-5.9801948260392324e-01 -3.5970316398257229e-01 7.9472835555555579e-02
5.9782933456344622e-01 4.3960235565355210e-01 7.5459502222222349e-02
5.9782933456344622e-01 -4.3960235565355210e-01 7.5459502222222349e-02
-5.9782933456344622e-01 4.3960235565355210e-01 7.5459502222222349e-02
-5.9782933456344622e-01 -4.3960235565355210e-01 7.5459502222222349e-02
5.9756535953074075e-01 5.1947288832371619e-01 7.0432302222222229e-02
5.9756535953074075e-01 -5.1947288832371619e-01 7.0432302222222229e-02
-5.9756535953074075e-01 5.1947288832371619e-01 7.0432302222222229e-02
-5.9756535953074075e-01 -5.1947288832371619e-01 7.0432302222222229e-02
5.9719277438669394e-01 5.9929869144940706e-01 6.4276035555555638e-02
5.9719277438669394e-01 -5.9929869144940706e-01 6.4276035555555638e-02
-5.9719277438669394e-01 5.9929869144940706e-01 6.4276035555555638e-02
-5.9719277438669394e-01 -5.9929869144940706e-01 6.4276035555555638e-02
5.9664632897531611e-01 6.7905043107505014e-01 5.6856302222222217e-02
5.9664632897531611e-01 -6.7905043107505014e-01 5.6856302222222217e-02
-5.9664632897531611e-01 6.7905043107505014e-01 5.6856302222222217e-02
-5.9664632897531611e-01 -6.7905043107505014e-01 5.6856302222222217e-02
5.9578926636103779e-01 7.5866744511581774e-01 4.8019502222222232e-02
5.9578926636103779e-01 -7.5866744511581774e-01 4.8019502222222232e-02
-5.9578926636103779e-01 7.5866744511581774e-01 4.8019502222222232e-02
-5.9578926636103779e-01 -7.5866744511581774e-01 4.8019502222222232e-02
5.9428089607617929e-01 8.3799950534309864e-01 3.7592835555555593e-02
5.9428089607617929e-01 -8.3799950534309864e-01 3.7592835555555593e-02
-5.9428089607617929e-01 8.3799950534309864e-01 3.7592835555555593e-02
-5.9428089607617929e-01 -8.3799950534309864e-01 3.7592835555555593e-02
5.9097563008319409e-01 9.1654259115169723e-01 2.5384302222222228e-02
5.9097563008319409e-01 -9.1654259115169723e-01 2.5384302222222228e-02
-5.9097563008319409e-01 9.1654259115169723e-01 2.5384302222222228e-02
-5.9097563008319409e-01 -9.1654259115169723e-01 2.5384302222222228e-02
5.8277278056764370e-01 9.9342494098056722e-01 1.2232537498194463e-02
5.8277278056764370e-01 -9.9342494098056722e-01 1.2232537498194463e-02
-5.8277278056764370e-01 9.9342494098056722e-01 1.2232537498194463e-02
-5.8277278056764370e-01 -9.9342494098056722e-01 1.2232537498194463e-02
5.7235691327409832e-01 1.0655353330472705e+00 2.8985782372832327e-03
5.7235691327409832e-01 -1.0655353330472705e+00 2.8985782372832327e-03
-5.7235691327409832e-01 1.0655353330472705e+00 2.8985782372832327e-03
-5.7235691327409832e-01 -1.0655353330472705e+00 2.8985782372832327e-03
5.6284270108679169e-01 1.1256858116379946e+00 3.4307590694558583e-05
5.6284270108679169e-01 -1.1256858116379946e+00 3.4307590694558583e-05
-5.6284270108679169e-01 1.1256858116379946e+00 3.4307590694558583e-05
-5.6284270108679169e-01 -1.1256858116379946e+00 3.4307590694558583e-05
6.7652779241333727e-01 3.9948973346909923e-02 6.0566168888888813e-02
6.7652779241333727e-01 -3.9948973346909923e-02 6.0566168888888813e-02
-6.7652779241333727e-01 3.9948973346909923e-02 6.0566168888888813e-02
-6.7652779241333727e-01 -3.9948973346909923e-02 6.0566168888888813e-02
6.7644927987713221e-01 1.1984345790143802e-01 5.9635502222222143e-02
6.7644927987713221e-01 -1.1984345790143802e-01 5.9635502222222143e-02
-6.7644927987713221e-01 1.1984345790143802e-01 5.9635502222222143e-02
-6.7644927987713221e-01 -1.1984345790143802e-01 5.9635502222222143e-02
6.7628343127456192e-01 1.9972690757612932e-01 5.7754968888888820e-02
6.7628343127456192e-01 -1.9972690757612932e-01 5.7754968888888820e-02
-6.7628343127456192e-01 1.9972690757612932e-01 5.7754968888888820e-02
-6.7628343127456192e-01 -1.9972690757612932e-01 5.7754968888888820e-02
6.7600988162328379e-01 2.7958952459830405e-01 5.4886168888888816e-02
6.7600988162328379e-01 -2.7958952459830405e-01 5.4886168888888816e-02
-6.7600988162328379e-01 2.7958952459830405e-01 5.4886168888888816e-02
-6.7600988162328379e-01 -2.7958952459830405e-01 5.4886168888888816e-02
6.7558959481324110e-01 3.5941664658282257e-01 5.0971502222222118e-02
6.7558959481324110e-01 -3.5941664658282257e-01 5.0971502222222118e-02
-6.7558959481324110e-01 3.5941664658282257e-01 5.0971502222222118e-02
-6.7558959481324110e-01 -3.5941664658282257e-01 5.0971502222222118e-02
6.7494802416753363e-01 4.3918327949138430e-01 4.5934168888888842e-02
6.7494802416753363e-01 -4.3918327949138430e-01 4.5934168888888842e-02
-6.7494802416753363e-01 4.3918327949138430e-01 4.5934168888888842e-02
-6.7494802416753363e-01 -4.3918327949138430e-01 4.5934168888888842e-02
6.7393212141958192e-01 5.1884066334602363e-01 3.9678168888888789e-02
6.7393212141958192e-01 -5.1884066334602363e-01 3.9678168888888789e-02
-6.7393212141958192e-01 5.1884066334602363e-01 3.9678168888888789e-02
-6.7393212141958192e-01 -5.1884066334602363e-01 3.9678168888888789e-02
6.7218042213514173e-01 5.9827609036619522e-01 3.2088302222222163e-02
6.7218042213514173e-01 -5.9827609036619522e-01 3.2088302222222163e-02
-6.7218042213514173e-01 5.9827609036619522e-01 3.2088302222222163e-02
-6.7218042213514173e-01 -5.9827609036619522e-01 3.2088302222222163e-02
6.6862344718981515e-01 6.7716853882344952e-01 2.3040532458690716e-02
6.6862344718981515e-01 -6.7716853882344952e-01 2.3040532458690716e-02
-6.6862344718981515e-01 6.7716853882344952e-01 2.3040532458690716e-02
-6.6862344718981515e-01 -6.7716853882344952e-01 2.3040532458690716e-02
6.6212675132890986e-01 7.5551322820499922e-01 1.3422723708292315e-02
6.6212675132890986e-01 -7.5551322820499922e-01 1.3422723708292315e-02
-6.6212675132890986e-01 7.5551322820499922e-01 1.3422723708292315e-02
-6.6212675132890986e-01 -7.5551322820499922e-01 1.3422723708292315e-02
6.5458139154996042e-01 8.3214525556326802e-01 5.5501199426256417e-03
6.5458139154996042e-01 -8.3214525556326802e-01 5.5501199426256417e-03
-6.5458139154996042e-01 8.3214525556326802e-01 5.5501199426256417e-03
-6.5458139154996042e-01 -8.3214525556326802e-01 5.5501199426256417e-03
6.4713014850271422e-01 9.0035609701366737e-01 8.7821396572061001e-04
6.4713014850271422e-01 -9.0035609701366737e-01 8.7821396572061001e-04
-6.4713014850271422e-01 9.0035609701366737e-01 8.7821396572061001e-04
-6.4713014850271422e-01 -9.0035609701366737e-01 8.7821396572061001e-04
7.4722971109906766e-01 3.9833086712505475e-02 2.2973347406898385e-02
7.4722971109906766e-01 -3.9833086712505475e-02 2.2973347406898385e-02
-7.4722971109906766e-01 3.9833086712505475e-02 2.2973347406898385e-02
-7.4722971109906766e-01 -3.9833086712505475e-02 2.2973347406898385e-02
7.4653376627607060e-01 1.1948482791030396e-01 2.1836460729427104e-02
7.4653376627607060e-01 -1.1948482791030396e-01 2.1836460729427104e-02
-7.4653376627607060e-01 1.1948482791030396e-01 2.1836460729427104e-02
-7.4653376627607060e-01 -1.1948482791030396e-01 2.1836460729427104e-02
7.4513891155848688e-01 1.9909384737071614e-01 1.9639959643753837e-02
7.4513891155848688e-01 -1.9909384737071614e-01 1.9639959643753837e-02
-7.4513891155848688e-01 1.9909384737071614e-01 1.9639959643753837e-02
-7.4513891155848688e-01 -1.9909384737071614e-01 1.9639959643753837e-02
7.4304667225397958e-01 2.7859984974917273e-01 1.6545182404857355e-02
7.4304667225397958e-01 -2.7859984974917273e-01 1.6545182404857355e-02
-7.4304667225397958e-01 2.7859984974917273e-01 1.6545182404857355e-02
-7.4304667225397958e-01 -2.7859984974917273e-01 1.6545182404857355e-02
7.4025166868584547e-01 3.5793192012614000e-01 1.2799316647848960e-02
7.4025166868584547e-01 -3.5793192012614000e-01 1.2799316647848960e-02
-7.4025166868584547e-01 3.5793192012614000e-01 1.2799316647848960e-02
-7.4025166868584547e-01 -3.5793192012614000e-01 1.2799316647848960e-02
7.3675678377009446e-01 4.3691417925124404e-01 8.7517649641074453e-03
7.3675678377009446e-01 -4.3691417925124404e-01 8.7517649641074453e-03
-7.3675678377009446e-01 4.3691417925124404e-01 8.7517649641074453e-03
-7.3675678377009446e-01 -4.3691417925124404e-01 8.7517649641074453e-03
7.3258713551079513e-01 5.1503635284623406e-01 4.8684427732684117e-03
7.3258713551079513e-01 -5.1503635284623406e-01 4.8684427732684117e-03
-7.3258713551079513e-01 5.1503635284623406e-01 4.8684427732684117e-03
-7.3258713551079513e-01 -5.1503635284623406e-01 4.8684427732684117e-03
7.2787199768574118e-01 5.9049939146854125e-01 1.7508326566488864e-03
7.2787199768574118e-01 -5.9049939146854125e-01 1.7508326566488864e-03
-7.2787199768574118e-01 5.9049939146854125e-01 1.7508326566488864e-03
-7.2787199768574118e-01 -5.9049939146854125e-01 1.7508326566488864e-03
7.2333156869200355e-01 6.5457478281364867e-01 1.5455417564760445e-04
7.2333156869200355e-01 -6.5457478281364867e-01 1.5455417564760445e-04
-7.2333156869200355e-01 6.5457478281364867e-01 1.5455417564760445e-04
-7.2333156869200355e-01 -6.5457478281364867e-01 1.5455417564760445e-04
