1.9999998882665675e-02 3.9999997765331349e-02 6.3999995322075162e-02
1.9999998882665675e-02 -3.9999997765331349e-02 6.3999995322075162e-02
-1.9999998882665675e-02 3.9999997765331349e-02 6.3999995322075162e-02
-1.9999998882665675e-02 -3.9999997765331349e-02 6.3999995322075162e-02
1.9999675438657855e-02 1.1999827701196912e-01 6.3995665090615272e-02
1.9999675438657855e-02 -1.1999827701196912e-01 6.3995665090615272e-02
-1.9999675438657855e-02 1.1999827701196912e-01 6.3995665090615272e-02
-1.9999675438657855e-02 -1.1999827701196912e-01 6.3995665090615272e-02
1.9996445040614683e-02 1.9996468968962808e-01 6.3858439145242835e-02
1.9996445040614683e-02 -1.9996468968962808e-01 6.3858439145242835e-02
-1.9996445040614683e-02 1.9996468968962808e-01 6.3858439145242835e-02
-1.9996445040614683e-02 -1.9996468968962808e-01 6.3858439145242835e-02
1.9989945257429712e-02 2.7985853162272278e-01 6.3061389505265686e-02
1.9989945257429712e-02 -2.7985853162272278e-01 6.3061389505265686e-02
-1.9989945257429712e-02 2.7985853162272278e-01 6.3061389505265686e-02
-1.9989945257429712e-02 -2.7985853162272278e-01 6.3061389505265686e-02
1.9983691355274336e-02 3.5970534538582932e-01 6.1050159852702034e-02
1.9983691355274336e-02 -3.5970534538582932e-01 6.1050159852702034e-02
-1.9983691355274336e-02 3.5970534538582932e-01 6.1050159852702034e-02
-1.9983691355274336e-02 -3.5970534538582932e-01 6.1050159852702034e-02
1.9979073782941139e-02 4.3953864414218080e-01 5.7691432514036793e-02
1.9979073782941139e-02 -4.3953864414218080e-01 5.7691432514036793e-02
-1.9979073782941139e-02 4.3953864414218080e-01 5.7691432514036793e-02
-1.9979073782941139e-02 -4.3953864414218080e-01 5.7691432514036793e-02
1.9975738828237617e-02 5.1936850137514079e-01 5.3158663108065614e-02
1.9975738828237617e-02 -5.1936850137514079e-01 5.3158663108065614e-02
-1.9975738828237617e-02 5.1936850137514079e-01 5.3158663108065614e-02
-1.9975738828237617e-02 -5.1936850137514079e-01 5.3158663108065614e-02
1.9973011818088457e-02 5.9918989650653176e-01 4.7723345780444799e-02
1.9973011818088457e-02 -5.9918989650653176e-01 4.7723345780444799e-02
-1.9973011818088457e-02 5.9918989650653176e-01 4.7723345780444799e-02
-1.9973011818088457e-02 -5.9918989650653176e-01 4.7723345780444799e-02
1.9970317284529832e-02 6.7899050878323375e-01 4.1654025971004816e-02
1.9970317284529832e-02 -6.7899050878323375e-01 4.1654025971004816e-02
-1.9970317284529832e-02 6.7899050878323375e-01 4.1654025971004816e-02
-1.9970317284529832e-02 -6.7899050878323375e-01 4.1654025971004816e-02
1.9967182182133499e-02 7.5875274068951837e-01 3.5193207324374469e-02
1.9967182182133499e-02 -7.5875274068951837e-01 3.5193207324374469e-02
-1.9967182182133499e-02 7.5875274068951837e-01 3.5193207324374469e-02
-1.9967182182133499e-02 -7.5875274068951837e-01 3.5193207324374469e-02
1.9963145678437166e-02 8.3845194063278694e-01 2.8568602911834610e-02
1.9963145678437166e-02 -8.3845194063278694e-01 2.8568602911834610e-02
-1.9963145678437166e-02 8.3845194063278694e-01 2.8568602911834610e-02
-1.9963145678437166e-02 -8.3845194063278694e-01 2.8568602911834610e-02
1.9957643482575484e-02 9.1805131633862624e-01 2.2016217563178161e-02
1.9957643482575484e-02 -9.1805131633862624e-01 2.2016217563178161e-02
-1.9957643482575484e-02 9.1805131633862624e-01 2.2016217563178161e-02
-1.9957643482575484e-02 -9.1805131633862624e-01 2.2016217563178161e-02
1.9949843615671040e-02 9.9749168297110813e-01 1.5804284471625036e-02
1.9949843615671040e-02 -9.9749168297110813e-01 1.5804284471625036e-02
-1.9949843615671040e-02 9.9749168297110813e-01 1.5804284471625036e-02
-1.9949843615671040e-02 -9.9749168297110813e-01 1.5804284471625036e-02
1.9938350674257373e-02 1.0766703438923184e+00 1.0248067958703047e-02
1.9938350674257373e-02 -1.0766703438923184e+00 1.0248067958703047e-02
-1.9938350674257373e-02 1.0766703438923184e+00 1.0248067958703047e-02
-1.9938350674257373e-02 -1.0766703438923184e+00 1.0248067958703047e-02
1.9920569597027721e-02 1.1553941180669940e+00 5.6981157490744562e-03
1.9920569597027721e-02 -1.1553941180669940e+00 5.6981157490744562e-03
-1.9920569597027721e-02 1.1553941180669940e+00 5.6981157490744562e-03
-1.9920569597027721e-02 -1.1553941180669940e+00 5.6981157490744562e-03
1.9891146560273708e-02 1.2332664148717001e+00 2.4713918401586205e-03
1.9891146560273708e-02 -1.2332664148717001e+00 2.4713918401586205e-03
-1.9891146560273708e-02 1.2332664148717001e+00 2.4713918401586205e-03
-1.9891146560273708e-02 -1.2332664148717001e+00 2.4713918401586205e-03
1.9837725316723384e-02 1.3094143160813436e+00 6.9196428038327193e-04
1.9837725316723384e-02 -1.3094143160813436e+00 6.9196428038327193e-04
-1.9837725316723384e-02 1.3094143160813436e+00 6.9196428038327193e-04
-1.9837725316723384e-02 -1.3094143160813436e+00 6.9196428038327193e-04
1.9728423780653669e-02 1.3821433022136014e+00 8.1740523149271516e-05
1.9728423780653669e-02 -1.3821433022136014e+00 8.1740523149271516e-05
-1.9728423780653669e-02 1.3821433022136014e+00 8.1740523149271516e-05
-1.9728423780653669e-02 -1.3821433022136014e+00 8.1740523149271516e-05
1.9452945793726577e-02 1.4515995741934660e+00 1.3109797111075829e-06
1.9452945793726577e-02 -1.4515995741934660e+00 1.3109797111075829e-06
-1.9452945793726577e-02 1.4515995741934660e+00 1.3109797111075829e-06
-1.9452945793726577e-02 -1.4515995741934660e+00 1.3109797111075829e-06
1.8127047824926079e-02 1.5233150657492911e+00 1.3518706554357323e-11
1.8127047824926079e-02 -1.5233150657492911e+00 1.3518706554357323e-11
-1.8127047824926079e-02 1.5233150657492911e+00 1.3518706554357323e-11
-1.8127047824926079e-02 -1.5233150657492911e+00 1.3518706554357323e-11
5.9999138505984581e-02 3.9999350877315716e-02 6.3995665090615259e-02
5.9999138505984581e-02 -3.9999350877315716e-02 6.3995665090615259e-02
-5.9999138505984581e-02 3.9999350877315716e-02 6.3995665090615259e-02
-5.9999138505984581e-02 -3.9999350877315716e-02 6.3995665090615259e-02
5.9995317543254545e-02 1.1999063508650909e-01 6.3959523764384602e-02
5.9995317543254545e-02 -1.1999063508650909e-01 6.3959523764384602e-02
-5.9995317543254545e-02 1.1999063508650909e-01 6.3959523764384602e-02
-5.9995317543254545e-02 -1.1999063508650909e-01 6.3959523764384602e-02
5.9982630064937835e-02 1.9994205329047141e-01 6.3675706613010197e-02
5.9982630064937835e-02 -1.9994205329047141e-01 6.3675706613010197e-02
-5.9982630064937835e-02 1.9994205329047141e-01 6.3675706613010197e-02
-5.9982630064937835e-02 -1.9994205329047141e-01 6.3675706613010197e-02
5.9964244300943374e-02 2.7983255388122752e-01 6.2643212937622705e-02
5.9964244300943374e-02 -2.7983255388122752e-01 6.2643212937622705e-02
-5.9964244300943374e-02 2.7983255388122752e-01 6.2643212937622705e-02
-5.9964244300943374e-02 -2.7983255388122752e-01 6.2643212937622705e-02
5.9947632302946606e-02 3.5968493380636113e-01 6.0432812903388693e-02
5.9947632302946606e-02 -3.5968493380636113e-01 6.0432812903388693e-02
-5.9947632302946606e-02 3.5968493380636113e-01 6.0432812903388693e-02
-5.9947632302946606e-02 -3.5968493380636113e-01 6.0432812903388693e-02
5.9935200079615641e-02 4.3952400884449172e-01 5.6959279879954722e-02
5.9935200079615641e-02 -4.3952400884449172e-01 5.6959279879954722e-02
-5.9935200079615641e-02 4.3952400884449172e-01 5.6959279879954722e-02
-5.9935200079615641e-02 -4.3952400884449172e-01 5.6959279879954722e-02
5.9925898953104524e-02 5.1935719869599684e-01 5.2383387606938503e-02
5.9925898953104524e-02 -5.1935719869599684e-01 5.2383387606938503e-02
-5.9925898953104524e-02 5.1935719869599684e-01 5.2383387606938503e-02
-5.9925898953104524e-02 -5.1935719869599684e-01 5.2383387606938503e-02
5.9917992884369720e-02 5.9917953553859205e-01 4.6952022022096841e-02
5.9917992884369720e-02 -5.9917953553859205e-01 4.6952022022096841e-02
-5.9917992884369720e-02 5.9917953553859205e-01 4.6952022022096841e-02
-5.9917992884369720e-02 -5.9917953553859205e-01 4.6952022022096841e-02
5.9909946174982208e-02 6.7897914437098816e-01 4.0914886475836604e-02
5.9909946174982208e-02 -6.7897914437098816e-01 4.0914886475836604e-02
-5.9909946174982208e-02 6.7897914437098816e-01 4.0914886475836604e-02
-5.9909946174982208e-02 -6.7897914437098816e-01 4.0914886475836604e-02
5.9900430609236381e-02 7.5873862006868009e-01 3.4503458979000236e-02
5.9900430609236381e-02 -7.5873862006868009e-01 3.4503458979000236e-02
-5.9900430609236381e-02 7.5873862006868009e-01 3.4503458979000236e-02
-5.9900430609236381e-02 -7.5873862006868009e-01 3.4503458979000236e-02
5.9888091659452074e-02 8.3843310848154806e-01 2.7940379941105545e-02
5.9888091659452074e-02 -8.3843310848154806e-01 2.7940379941105545e-02
-5.9888091659452074e-02 8.3843310848154806e-01 2.7940379941105545e-02
-5.9888091659452074e-02 -8.3843310848154806e-01 2.7940379941105545e-02
5.9871220687560581e-02 9.1802509623626138e-01 2.1460429466671049e-02
5.9871220687560581e-02 -9.1802509623626138e-01 2.1460429466671049e-02
-5.9871220687560581e-02 9.1802509623626138e-01 2.1460429466671049e-02
-5.9871220687560581e-02 -9.1802509623626138e-01 2.1460429466671049e-02
5.9847260190757028e-02 9.9745383627297890e-01 1.5332647395253196e-02
5.9847260190757028e-02 -9.9745383627297890e-01 1.5332647395253196e-02
-5.9847260190757028e-02 9.9745383627297890e-01 1.5332647395253196e-02
-5.9847260190757028e-02 -9.9745383627297890e-01 1.5332647395253196e-02
5.9811887095249171e-02 1.0766134124678270e+00 9.8731842114324394e-03
5.9811887095249171e-02 -1.0766134124678270e+00 9.8731842114324394e-03
-5.9811887095249171e-02 1.0766134124678270e+00 9.8731842114324394e-03
-5.9811887095249171e-02 -1.0766134124678270e+00 9.8731842114324394e-03
5.9757017490442481e-02 1.1553037097643053e+00 5.4307603441149412e-03
5.9757017490442481e-02 -1.1553037097643053e+00 5.4307603441149412e-03
-5.9757017490442481e-02 1.1553037097643053e+00 5.4307603441149412e-03
-5.9757017490442481e-02 -1.1553037097643053e+00 5.4307603441149412e-03
5.9665888736955150e-02 1.2331122619971449e+00 2.3137279798228169e-03
5.9665888736955150e-02 -1.2331122619971449e+00 2.3137279798228169e-03
-5.9665888736955150e-02 1.2331122619971449e+00 2.3137279798228169e-03
-5.9665888736955150e-02 -1.2331122619971449e+00 2.3137279798228169e-03
5.9499644824971949e-02 1.3091311095680904e+00 6.2714028718375626e-04
5.9499644824971949e-02 -1.3091311095680904e+00 6.2714028718375626e-04
-5.9499644824971949e-02 1.3091311095680904e+00 6.2714028718375626e-04
-5.9499644824971949e-02 -1.3091311095680904e+00 6.2714028718375626e-04
5.9157748090939280e-02 1.3816451148204820e+00 6.9333022220056709e-05
5.9157748090939280e-02 -1.3816451148204820e+00 6.9333022220056709e-05
-5.9157748090939280e-02 1.3816451148204820e+00 6.9333022220056709e-05
-5.9157748090939280e-02 -1.3816451148204820e+00 6.9333022220056709e-05
5.8285127558583158e-02 1.4511051030283482e+00 9.4139670170602642e-07
5.8285127558583158e-02 -1.4511051030283482e+00 9.4139670170602642e-07
-5.8285127558583158e-02 1.4511051030283482e+00 9.4139670170602642e-07
-5.8285127558583158e-02 -1.4511051030283482e+00 9.4139670170602642e-07
5.4151074672313636e-02 1.5230651459659741e+00 4.4494999661718030e-12
5.4151074672313636e-02 -1.5230651459659741e+00 4.4494999661718030e-12
-5.4151074672313636e-02 1.5230651459659741e+00 4.4494999661718030e-12
-5.4151074672313636e-02 -1.5230651459659741e+00 4.4494999661718030e-12
9.9982344844814039e-02 3.9992890081229367e-02 6.3858439145242835e-02
9.9982344844814039e-02 -3.9992890081229367e-02 6.3858439145242835e-02
-9.9982344844814039e-02 3.9992890081229367e-02 6.3858439145242835e-02
-9.9982344844814039e-02 -3.9992890081229367e-02 6.3858439145242835e-02
9.9971026645235675e-02 1.1996526012987566e-01 6.3675706613010211e-02
9.9971026645235675e-02 -1.1996526012987566e-01 6.3675706613010211e-02
-9.9971026645235675e-02 1.1996526012987566e-01 6.3675706613010211e-02
-9.9971026645235675e-02 -1.1996526012987566e-01 6.3675706613010211e-02
9.9949598585305000e-02 1.9989919717061000e-01 6.3061405266291989e-02
9.9949598585305000e-02 -1.9989919717061000e-01 6.3061405266291989e-02
-9.9949598585305000e-02 1.9989919717061000e-01 6.3061405266291989e-02
-9.9949598585305000e-02 -1.9989919717061000e-01 6.3061405266291989e-02
9.9924799613935633e-02 2.7978914686489953e-01 6.1629151140838313e-02
9.9924799613935633e-02 -2.7978914686489953e-01 6.1629151140838313e-02
-9.9924799613935633e-02 2.7978914686489953e-01 6.1629151140838313e-02
-9.9924799613935633e-02 -2.7978914686489953e-01 6.1629151140838313e-02
9.9903074408442566e-02 3.5965056767021331e-01 5.9107020544928807e-02
9.9903074408442566e-02 -3.5965056767021331e-01 5.9107020544928807e-02
-9.9903074408442566e-02 3.5965056767021331e-01 5.9107020544928807e-02
-9.9903074408442566e-02 -3.5965056767021331e-01 5.9107020544928807e-02
9.9886073241462550e-02 4.3949820961274733e-01 5.5460656514013842e-02
9.9886073241462550e-02 -4.3949820961274733e-01 5.5460656514013842e-02
-9.9886073241462550e-02 4.3949820961274733e-01 5.5460656514013842e-02
-9.9886073241462550e-02 -4.3949820961274733e-01 5.5460656514013842e-02
9.9872408427168421e-02 5.1933611016913084e-01 5.0828226275137299e-02
9.9872408427168421e-02 -5.1933611016913084e-01 5.0828226275137299e-02
-9.9872408427168421e-02 5.1933611016913084e-01 5.0828226275137299e-02
-9.9872408427168421e-02 -5.1933611016913084e-01 5.0828226275137299e-02
9.9859919106247100e-02 5.9915922423590495e-01 4.5418603799397127e-02
9.9859919106247100e-02 -5.9915922423590495e-01 4.5418603799397127e-02
-9.9859919106247100e-02 5.9915922423590495e-01 4.5418603799397127e-02
-9.9859919106247100e-02 -5.9915922423590495e-01 4.5418603799397127e-02
9.9846523958823499e-02 6.7895617120952600e-01 3.9451831098604014e-02
9.9846523958823499e-02 -6.7895617120952600e-01 3.9451831098604014e-02
-9.9846523958823499e-02 6.7895617120952600e-01 3.9451831098604014e-02
-9.9846523958823499e-02 -6.7895617120952600e-01 3.9451831098604014e-02
9.9830237093963436e-02 7.5870965763144016e-01 3.3141778085550598e-02
9.9830237093963436e-02 -7.5870965763144016e-01 3.3141778085550598e-02
-9.9830237093963436e-02 7.5870965763144016e-01 3.3141778085550598e-02
-9.9830237093963436e-02 -7.5870965763144016e-01 3.3141778085550598e-02
9.9808859043051146e-02 8.3839424507688476e-01 2.6703162308720982e-02
9.9808859043051146e-02 -8.3839424507688476e-01 2.6703162308720982e-02
-9.9808859043051146e-02 8.3839424507688476e-01 2.6703162308720982e-02
-9.9808859043051146e-02 -8.3839424507688476e-01 2.6703162308720982e-02
9.9779469053034808e-02 9.1797081998162655e-01 2.0369314422903042e-02
9.9779469053034808e-02 -9.1797081998162655e-01 2.0369314422903042e-02
-9.9779469053034808e-02 9.1797081998162655e-01 2.0369314422903042e-02
-9.9779469053034808e-02 -9.1797081998162655e-01 2.0369314422903042e-02
9.9737579261963485e-02 9.9737529119526314e-01 1.4411161603736698e-02
9.9737579261963485e-02 -9.9737529119526314e-01 1.4411161603736698e-02
-9.9737579261963485e-02 9.9737529119526314e-01 1.4411161603736698e-02
-9.9737579261963485e-02 -9.9737529119526314e-01 1.4411161603736698e-02
9.9675494756111510e-02 1.0764948813306670e+00 9.1463213068427290e-03
9.9675494756111510e-02 -1.0764948813306670e+00 9.1463213068427290e-03
-9.9675494756111510e-02 1.0764948813306670e+00 9.1463213068427290e-03
-9.9675494756111510e-02 -1.0764948813306670e+00 9.1463213068427290e-03
9.9578672879483937e-02 1.1551146563312986e+00 4.9189226433545580e-03
9.9578672879483937e-02 -1.1551146563312986e+00 4.9189226433545580e-03
-9.9578672879483937e-02 1.1551146563312986e+00 4.9189226433545580e-03
-9.9578672879483937e-02 -1.1551146563312986e+00 4.9189226433545580e-03
9.9416655292473677e-02 1.2327881879229545e+00 2.0185388355401577e-03
9.9416655292473677e-02 -1.2327881879229545e+00 2.0185388355401577e-03
-9.9416655292473677e-02 1.2327881879229545e+00 2.0185388355401577e-03
-9.9416655292473677e-02 -1.2327881879229545e+00 2.0185388355401577e-03
9.9118256944973088e-02 1.3085342346815463e+00 5.1085680312617013e-04
9.9118256944973088e-02 -1.3085342346815463e+00 5.1085680312617013e-04
-9.9118256944973088e-02 1.3085342346815463e+00 5.1085680312617013e-04
-9.9118256944973088e-02 -1.3085342346815463e+00 5.1085680312617013e-04
9.8498305589388130e-02 1.3806186607881357e+00 4.9034622120707690e-05
9.8498305589388130e-02 -1.3806186607881357e+00 4.9034622120707690e-05
-9.8498305589388130e-02 1.3806186607881357e+00 4.9034622120707690e-05
-9.8498305589388130e-02 -1.3806186607881357e+00 4.9034622120707690e-05
9.6875400279726007e-02 1.4501469972197663e+00 4.6267090331401570e-07
9.6875400279726007e-02 -1.4501469972197663e+00 4.6267090331401570e-07
-9.6875400279726007e-02 1.4501469972197663e+00 4.6267090331401570e-07
-9.6875400279726007e-02 -1.4501469972197663e+00 4.6267090331401570e-07
1.3992926581136145e-01 3.9979890514859423e-02 6.3061389505265672e-02
1.3992926581136145e-01 -3.9979890514859423e-02 6.3061389505265672e-02
-1.3992926581136145e-01 3.9979890514859423e-02 6.3061389505265672e-02
-1.3992926581136145e-01 -3.9979890514859423e-02 6.3061389505265672e-02
1.3991627694061379e-01 1.1992848860188676e-01 6.2643212937622705e-02
1.3991627694061379e-01 -1.1992848860188676e-01 6.2643212937622705e-02
-1.3991627694061379e-01 1.1992848860188676e-01 6.2643212937622705e-02
-1.3991627694061379e-01 -1.1992848860188676e-01 6.2643212937622705e-02
1.3989457343244985e-01 1.9984959922787129e-01 6.1629151140838306e-02
1.3989457343244985e-01 -1.9984959922787129e-01 6.1629151140838306e-02
-1.3989457343244985e-01 1.9984959922787129e-01 6.1629151140838306e-02
-1.3989457343244985e-01 -1.9984959922787129e-01 6.1629151140838306e-02
1.3987054601872623e-01 2.7974109203745245e-01 5.9783301357988435e-02
1.3987054601872623e-01 -2.7974109203745245e-01 5.9783301357988435e-02
-1.3987054601872623e-01 2.7974109203745245e-01 5.9783301357988435e-02
-1.3987054601872623e-01 -2.7974109203745245e-01 5.9783301357988435e-02
1.3984871083302403e-01 3.5961078562971216e-01 5.6959228382849079e-02
1.3984871083302403e-01 -3.5961078562971216e-01 5.6959228382849079e-02
-1.3984871083302403e-01 3.5961078562971216e-01 5.6959228382849079e-02
-1.3984871083302403e-01 -3.5961078562971216e-01 5.6959228382849079e-02
1.3983011786314248e-01 4.3946582790084038e-01 5.3158617657407543e-02
1.3983011786314248e-01 -4.3946582790084038e-01 5.3158617657407543e-02
-1.3983011786314248e-01 4.3946582790084038e-01 5.3158617657407543e-02
-1.3983011786314248e-01 -4.3946582790084038e-01 5.3158617657407543e-02
1.3981353314483855e-01 5.1930716955367440e-01 4.8497144148065642e-02
1.3981353314483855e-01 -5.1930716955367440e-01 4.8497144148065642e-02
-1.3981353314483855e-01 5.1930716955367440e-01 4.8497144148065642e-02
-1.3981353314483855e-01 -5.1930716955367440e-01 4.8497144148065642e-02
1.3979687334875746e-01 5.9912927252179249e-01 4.3146693267722948e-02
1.3979687334875746e-01 -5.9912927252179249e-01 4.3146693267722948e-02
-1.3979687334875746e-01 5.9912927252179249e-01 4.3146693267722948e-02
-1.3979687334875746e-01 -5.9912927252179249e-01 4.3146693267722948e-02
1.3977784594976500e-01 6.7892083119652036e-01 3.7297266617502239e-02
1.3977784594976500e-01 -6.7892083119652036e-01 3.7297266617502239e-02
-1.3977784594976500e-01 6.7892083119652036e-01 3.7297266617502239e-02
-1.3977784594976500e-01 -6.7892083119652036e-01 3.7297266617502239e-02
1.3975395743206975e-01 7.5866421994690103e-01 3.1144649091167580e-02
1.3975395743206975e-01 -7.5866421994690103e-01 3.1144649091167580e-02
-1.3975395743206975e-01 7.5866421994690103e-01 3.1144649091167580e-02
-1.3975395743206975e-01 -7.5866421994690103e-01 3.1144649091167580e-02
1.3972215362282506e-01 8.3833275234806803e-01 2.4895980246259032e-02
1.3972215362282506e-01 -8.3833275234806803e-01 2.4895980246259032e-02
-1.3972215362282506e-01 8.3833275234806803e-01 2.4895980246259032e-02
-1.3972215362282506e-01 -8.3833275234806803e-01 2.4895980246259032e-02
1.3967812822683201e-01 9.1788453668446623e-01 1.8784353658882470e-02
1.3967812822683201e-01 -9.1788453668446623e-01 1.8784353658882470e-02
-1.3967812822683201e-01 9.1788453668446623e-01 1.8784353658882470e-02
-1.3967812822683201e-01 -9.1788453668446623e-01 1.8784353658882470e-02
1.3961505329039847e-01 9.9724988880489762e-01 1.3083921237856658e-02
1.3961505329039847e-01 -9.9724988880489762e-01 1.3083921237856658e-02
-1.3961505329039847e-01 9.9724988880489762e-01 1.3083921237856658e-02
-1.3961505329039847e-01 -9.9724988880489762e-01 1.3083921237856658e-02
1.3952099978594246e-01 1.0763045890275669e+00 8.1135295914645158e-03
1.3952099978594246e-01 -1.0763045890275669e+00 8.1135295914645158e-03
-1.3952099978594246e-01 1.0763045890275669e+00 8.1135295914645158e-03
-1.3952099978594246e-01 -1.0763045890275669e+00 8.1135295914645158e-03
1.3937307625122766e-01 1.1548088577041342e+00 4.2078990032406883e-03
1.3937307625122766e-01 -1.1548088577041342e+00 4.2078990032406883e-03
-1.3937307625122766e-01 1.1548088577041342e+00 4.2078990032406883e-03
-1.3937307625122766e-01 -1.1548088577041342e+00 4.2078990032406883e-03
1.3912263520151871e-01 1.2322593310347036e+00 1.6245035793296930e-03
1.3912263520151871e-01 -1.2322593310347036e+00 1.6245035793296930e-03
-1.3912263520151871e-01 1.2322593310347036e+00 1.6245035793296930e-03
-1.3912263520151871e-01 -1.2322593310347036e+00 1.6245035793296930e-03
1.3865474681809162e-01 1.3075579840484663e+00 3.6717947818279634e-04
1.3865474681809162e-01 -1.3075579840484663e+00 3.6717947818279634e-04
-1.3865474681809162e-01 1.3075579840484663e+00 3.6717947818279634e-04
-1.3865474681809162e-01 -1.3075579840484663e+00 3.6717947818279634e-04
1.3766803274823949e-01 1.3790171303471253e+00 2.7823509600071215e-05
1.3766803274823949e-01 -1.3790171303471253e+00 2.7823509600071215e-05
-1.3766803274823949e-01 1.3790171303471253e+00 2.7823509600071215e-05
-1.3766803274823949e-01 -1.3790171303471253e+00 2.7823509600071215e-05
1.3499248600497996e-01 1.4487912191437511e+00 1.3886879010031388e-07
1.3499248600497996e-01 -1.4487912191437511e+00 1.3886879010031388e-07
-1.3499248600497996e-01 1.4487912191437511e+00 1.3886879010031388e-07
-1.3499248600497996e-01 -1.4487912191437511e+00 1.3886879010031388e-07
1.7985267269291472e-01 3.9967382710548678e-02 6.1050159852702027e-02
1.7985267269291472e-01 -3.9967382710548678e-02 6.1050159852702027e-02
-1.7985267269291472e-01 3.9967382710548678e-02 6.1050159852702027e-02
-1.7985267269291472e-01 -3.9967382710548678e-02 6.1050159852702027e-02
1.7984246690318054e-01 1.1989526460589321e-01 6.0432812903388693e-02
1.7984246690318054e-01 -1.1989526460589321e-01 6.0432812903388693e-02
-1.7984246690318054e-01 1.1989526460589321e-01 6.0432812903388693e-02
-1.7984246690318054e-01 -1.1989526460589321e-01 6.0432812903388693e-02
1.7982528383510665e-01 1.9980614881688505e-01 5.9107020544928814e-02
1.7982528383510665e-01 -1.9980614881688505e-01 5.9107020544928814e-02
-1.7982528383510665e-01 1.9980614881688505e-01 5.9107020544928814e-02
-1.7982528383510665e-01 -1.9980614881688505e-01 5.9107020544928814e-02
1.7980539281485611e-01 2.7969742166604805e-01 5.6959228382849079e-02
1.7980539281485611e-01 -2.7969742166604805e-01 5.6959228382849079e-02
-1.7980539281485611e-01 2.7969742166604805e-01 5.6959228382849079e-02
-1.7980539281485611e-01 -2.7969742166604805e-01 5.6959228382849079e-02
1.7978568286072830e-01 3.5957136572145665e-01 5.3930837276504315e-02
1.7978568286072830e-01 -3.5957136572145665e-01 5.3930837276504315e-02
-1.7978568286072830e-01 3.5957136572145665e-01 5.3930837276504315e-02
-1.7978568286072830e-01 -3.5957136572145665e-01 5.3930837276504315e-02
1.7976682795817667e-01 4.3942993798011115e-01 5.0050198134242309e-02
1.7976682795817667e-01 -4.3942993798011115e-01 5.0050198134242309e-02
-1.7976682795817667e-01 4.3942993798011115e-01 5.0050198134242309e-02
-1.7976682795817667e-01 -4.3942993798011115e-01 5.0050198134242309e-02
1.7974783020552237e-01 5.1927139874030526e-01 4.5418589536050005e-02
1.7974783020552237e-01 -5.1927139874030526e-01 4.5418589536050005e-02
-1.7974783020552237e-01 5.1927139874030526e-01 4.5418589536050005e-02
-1.7974783020552237e-01 -5.1927139874030526e-01 4.5418589536050005e-02
1.7972678944075240e-01 5.9908919688443618e-01 4.0180764218009819e-02
1.7972678944075240e-01 -5.9908919688443618e-01 4.0180764218009819e-02
-1.7972678944075240e-01 5.9908919688443618e-01 4.0180764218009819e-02
-1.7972678944075240e-01 -5.9908919688443618e-01 4.0180764218009819e-02
1.7970128379056347e-01 6.7887142790287403e-01 3.4503454711733071e-02
1.7970128379056347e-01 -6.7887142790287403e-01 3.4503454711733071e-02
-1.7970128379056347e-01 6.7887142790287403e-01 3.4503454711733071e-02
-1.7970128379056347e-01 -6.7887142790287403e-01 3.4503454711733071e-02
1.7966830422519045e-01 7.5859940432177009e-01 2.8568601716033190e-02
1.7966830422519045e-01 -7.5859940432177009e-01 2.8568601716033190e-02
-1.7966830422519045e-01 7.5859940432177009e-01 2.8568601716033190e-02
-1.7966830422519045e-01 -7.5859940432177009e-01 2.8568601716033190e-02
1.7962379652837313e-01 8.3824421195556931e-01 2.2578776670718077e-02
1.7962379652837313e-01 -8.3824421195556931e-01 2.2578776670718077e-02
-1.7962379652837313e-01 8.3824421195556931e-01 2.2578776670718077e-02
-1.7962379652837313e-01 -8.3824421195556931e-01 2.2578776670718077e-02
1.7956171470614260e-01 9.1775955963649181e-01 1.6769168043576702e-02
1.7956171470614260e-01 -9.1775955963649181e-01 1.6769168043576702e-02
-1.7956171470614260e-01 9.1775955963649181e-01 1.6769168043576702e-02
-1.7956171470614260e-01 -9.1775955963649181e-01 1.6769168043576702e-02
1.7947216331392926e-01 9.9706712314153367e-01 1.1418274317631583e-02
1.7947216331392926e-01 -9.9706712314153367e-01 1.1418274317631583e-02
-1.7947216331392926e-01 9.9706712314153367e-01 1.1418274317631583e-02
-1.7947216331392926e-01 -9.9706712314153367e-01 1.1418274317631583e-02
1.7933747332198138e-01 1.0760249696485231e+00 6.8442275404442037e-03
1.7933747332198138e-01 -1.0760249696485231e+00 6.8442275404442037e-03
-1.7933747332198138e-01 1.0760249696485231e+00 6.8442275404442037e-03
-1.7933747332198138e-01 -1.0760249696485231e+00 6.8442275404442037e-03
1.7912307107533193e-01 1.1543545489994111e+00 3.3640353071788371e-03
1.7912307107533193e-01 -1.1543545489994111e+00 3.3640353071788371e-03
-1.7912307107533193e-01 1.1543545489994111e+00 3.3640353071788371e-03
-1.7912307107533193e-01 -1.1543545489994111e+00 3.3640353071788371e-03
1.7875412105787428e-01 1.2314641155999742e+00 1.1850721394557626e-03
1.7875412105787428e-01 -1.2314641155999742e+00 1.1850721394557626e-03
-1.7875412105787428e-01 1.2314641155999742e+00 1.1850721394557626e-03
-1.7875412105787428e-01 -1.2314641155999742e+00 1.1850721394557626e-03
1.7805191388793107e-01 1.3060932132822909e+00 2.2538969289565992e-04
1.7805191388793107e-01 -1.3060932132822909e+00 2.2538969289565992e-04
-1.7805191388793107e-01 1.3060932132822909e+00 2.2538969289565992e-04
-1.7805191388793107e-01 -1.3060932132822909e+00 2.2538969289565992e-04
1.7654164136409356e-01 1.3768153697195471e+00 1.1806994887116766e-05
1.7654164136409356e-01 -1.3768153697195471e+00 1.1806994887116766e-05
-1.7654164136409356e-01 1.3768153697195471e+00 1.1806994887116766e-05
-1.7654164136409356e-01 -1.3768153697195471e+00 1.1806994887116766e-05
1.7233199888075731e-01 1.4471419682927871e+00 2.0262717198794037e-08
1.7233199888075731e-01 -1.4471419682927871e+00 2.0262717198794037e-08
-1.7233199888075731e-01 1.4471419682927871e+00 2.0262717198794037e-08
-1.7233199888075731e-01 -1.4471419682927871e+00 2.0262717198794037e-08
2.1976932207109035e-01 3.9958147565882278e-02 5.7691432514036793e-02
2.1976932207109035e-01 -3.9958147565882278e-02 5.7691432514036793e-02
-2.1976932207109035e-01 3.9958147565882278e-02 5.7691432514036793e-02
-2.1976932207109035e-01 -3.9958147565882278e-02 5.7691432514036793e-02
2.1976200442224583e-01 1.1987040015923127e-01 5.6959279879954729e-02
2.1976200442224583e-01 -1.1987040015923127e-01 5.6959279879954729e-02
-2.1976200442224583e-01 1.1987040015923127e-01 5.6959279879954729e-02
-2.1976200442224583e-01 -1.1987040015923127e-01 5.6959279879954729e-02
2.1974910480637369e-01 1.9977214648292513e-01 5.5460656514013836e-02
2.1974910480637369e-01 -1.9977214648292513e-01 5.5460656514013836e-02
-2.1974910480637369e-01 1.9977214648292513e-01 5.5460656514013836e-02
-2.1974910480637369e-01 -1.9977214648292513e-01 5.5460656514013836e-02
2.1973291395042008e-01 2.7966023572628490e-01 5.3158617657407564e-02
2.1973291395042008e-01 -2.7966023572628490e-01 5.3158617657407564e-02
-2.1973291395042008e-01 2.7966023572628490e-01 5.3158617657407564e-02
-2.1973291395042008e-01 -2.7966023572628490e-01 5.3158617657407564e-02
2.1971496899005560e-01 3.5953365591635322e-01 5.0050198134242309e-02
2.1971496899005560e-01 -3.5953365591635322e-01 5.0050198134242309e-02
-2.1971496899005560e-01 3.5953365591635322e-01 5.0050198134242309e-02
-2.1971496899005560e-01 -3.5953365591635322e-01 5.0050198134242309e-02
2.1969548118361359e-01 4.3939096236722719e-01 4.6183623490893728e-02
2.1969548118361359e-01 -4.3939096236722719e-01 4.6183623490893728e-02
-2.1969548118361359e-01 4.3939096236722719e-01 4.6183623490893728e-02
-2.1969548118361359e-01 -4.3939096236722719e-01 4.6183623490893728e-02
2.1967345286012827e-01 5.1922812575929633e-01 4.1654008236214152e-02
2.1967345286012827e-01 -5.1922812575929633e-01 4.1654008236214152e-02
-2.1967345286012827e-01 5.1922812575929633e-01 4.1654008236214152e-02
-2.1967345286012827e-01 -5.1922812575929633e-01 4.1654008236214152e-02
2.1964697780780190e-01 5.9903716446077393e-01 3.6590179440731778e-02
2.1964697780780190e-01 -5.9903716446077393e-01 3.6590179440731778e-02
-2.1964697780780190e-01 5.9903716446077393e-01 3.6590179440731778e-02
-2.1964697780780190e-01 -5.9903716446077393e-01 3.6590179440731778e-02
2.1961335368953308e-01 6.7880485339735630e-01 3.1144647479964701e-02
2.1961335368953308e-01 -6.7880485339735630e-01 3.1144647479964701e-02
-2.1961335368953308e-01 6.7880485339735630e-01 3.1144647479964701e-02
-2.1961335368953308e-01 -6.7880485339735630e-01 3.1144647479964701e-02
2.1956886023585878e-01 7.5851051610539499e-01 2.5491837923628902e-02
2.1956886023585878e-01 -7.5851051610539499e-01 2.5491837923628902e-02
-2.1956886023585878e-01 7.5851051610539499e-01 2.5491837923628902e-02
-2.1956886023585878e-01 -7.5851051610539499e-01 2.5491837923628902e-02
2.1950810227200604e-01 8.3812166888463968e-01 1.9834062040643599e-02
2.1950810227200604e-01 -8.3812166888463968e-01 1.9834062040643599e-02
-2.1950810227200604e-01 8.3812166888463968e-01 1.9834062040643599e-02
-2.1950810227200604e-01 -8.3812166888463968e-01 1.9834062040643599e-02
2.1942265655699272e-01 9.1758534100123412e-01 1.4411160178393853e-02
2.1942265655699272e-01 -9.1758534100123412e-01 1.4411160178393853e-02
-2.1942265655699272e-01 9.1758534100123412e-01 1.4411160178393853e-02
-2.1942265655699272e-01 -9.1758534100123412e-01 1.4411160178393853e-02
2.1929831732650371e-01 9.9681019776043223e-01 9.5059233390788062e-03
2.1929831732650371e-01 -9.9681019776043223e-01 9.5059233390788062e-03
-2.1929831732650371e-01 9.9681019776043223e-01 9.5059233390788062e-03
-2.1929831732650371e-01 -9.9681019776043223e-01 9.5059233390788062e-03
2.1910909606273329e-01 1.0756274047795218e+00 5.4307460525289562e-03
2.1910909606273329e-01 -1.0756274047795218e+00 5.4307460525289562e-03
-2.1910909606273329e-01 1.0756274047795218e+00 5.4307460525289562e-03
-2.1910909606273329e-01 -1.0756274047795218e+00 5.4307460525289562e-03
2.1880293972550718e-01 1.1536989820814285e+00 2.4713674246950477e-03
2.1880293972550718e-01 -1.1536989820814285e+00 2.4713674246950477e-03
-2.1880293972550718e-01 1.1536989820814285e+00 2.4713674246950477e-03
-2.1880293972550718e-01 -1.1536989820814285e+00 2.4713674246950477e-03
2.1826485919052407e-01 1.2303003892265614e+00 7.6145328689606359e-04
2.1826485919052407e-01 -1.2303003892265614e+00 7.6145328689606359e-04
-2.1826485919052407e-01 1.2303003892265614e+00 7.6145328689606359e-04
-2.1826485919052407e-01 -1.2303003892265614e+00 7.6145328689606359e-04
2.1721869725881168e-01 1.3039835827681467e+00 1.1185377062720597e-04
2.1721869725881168e-01 -1.3039835827681467e+00 1.1185377062720597e-04
-2.1721869725881168e-01 1.3039835827681467e+00 1.1185377062720597e-04
-2.1721869725881168e-01 -1.3039835827681467e+00 1.1185377062720597e-04
2.1491321966765339e-01 1.3740803411277975e+00 3.3068840583243442e-06
2.1491321966765339e-01 -1.3740803411277975e+00 3.3068840583243442e-06
-2.1491321966765339e-01 1.3740803411277975e+00 3.3068840583243442e-06
-2.1491321966765339e-01 -1.3740803411277975e+00 3.3068840583243442e-06
2.0875614535289286e-01 1.4453277770277559e+00 9.0348026197329993e-10
2.0875614535289286e-01 -1.4453277770277559e+00 9.0348026197329993e-10
-2.0875614535289286e-01 1.4453277770277559e+00 9.0348026197329993e-10
-2.0875614535289286e-01 -1.4453277770277559e+00 9.0348026197329993e-10
2.5968425068757039e-01 3.9951477656475221e-02 5.3158663108065621e-02
2.5968425068757039e-01 -3.9951477656475221e-02 5.3158663108065621e-02
-2.5968425068757039e-01 3.9951477656475221e-02 5.3158663108065621e-02
-2.5968425068757039e-01 -3.9951477656475221e-02 5.3158663108065621e-02
2.5967859934799847e-01 1.1985179790620909e-01 5.2383387606938489e-02
2.5967859934799847e-01 -1.1985179790620909e-01 5.2383387606938489e-02
-2.5967859934799847e-01 1.1985179790620909e-01 5.2383387606938489e-02
-2.5967859934799847e-01 -1.1985179790620909e-01 5.2383387606938489e-02
2.5966805508456531e-01 1.9974481685433679e-01 5.0828226275137313e-02
2.5966805508456531e-01 -1.9974481685433679e-01 5.0828226275137313e-02
-2.5966805508456531e-01 1.9974481685433679e-01 5.0828226275137313e-02
-2.5966805508456531e-01 -1.9974481685433679e-01 5.0828226275137313e-02
2.5965358477683720e-01 2.7962706628967721e-01 4.8497144148065635e-02
2.5965358477683720e-01 -2.7962706628967721e-01 4.8497144148065635e-02
-2.5965358477683720e-01 2.7962706628967721e-01 4.8497144148065635e-02
-2.5965358477683720e-01 -2.7962706628967721e-01 4.8497144148065635e-02
2.5963569937015252e-01 3.5949566041104469e-01 4.5418589536050012e-02
2.5963569937015252e-01 -3.5949566041104469e-01 4.5418589536050012e-02
-2.5963569937015252e-01 3.5949566041104469e-01 4.5418589536050012e-02
-2.5963569937015252e-01 -3.5949566041104469e-01 4.5418589536050012e-02
2.5961406287964811e-01 4.3934690572025648e-01 4.1654008236214159e-02
2.5961406287964811e-01 -4.3934690572025648e-01 4.1654008236214159e-02
-2.5961406287964811e-01 4.3934690572025648e-01 4.1654008236214159e-02
-2.5961406287964811e-01 -4.3934690572025648e-01 4.1654008236214159e-02
2.5958740254734264e-01 5.1917480509468517e-01 3.7297261137074517e-02
2.5958740254734264e-01 -5.1917480509468517e-01 3.7297261137074517e-02
-2.5958740254734264e-01 5.1917480509468517e-01 3.7297261137074517e-02
-2.5958740254734264e-01 -5.1917480509468517e-01 3.7297261137074517e-02
2.5955350795652204e-01 5.9896961554502737e-01 3.2469959558702244e-02
2.5955350795652204e-01 -5.9896961554502737e-01 3.2469959558702244e-02
-2.5955350795652204e-01 5.9896961554502737e-01 3.2469959558702244e-02
-2.5955350795652204e-01 -5.9896961554502737e-01 3.2469959558702244e-02
2.5950909273795764e-01 6.7871604918528572e-01 2.7318552449142029e-02
2.5950909273795764e-01 -6.7871604918528572e-01 2.7318552449142029e-02
-2.5950909273795764e-01 6.7871604918528572e-01 2.7318552449142029e-02
-2.5950909273795764e-01 -6.7871604918528572e-01 2.7318552449142029e-02
2.5944933976551404e-01 7.5839029250519618e-01 2.2016217841193540e-02
2.5944933976551404e-01 -7.5839029250519618e-01 2.2016217841193540e-02
-2.5944933976551404e-01 7.5839029250519618e-01 2.2016217841193540e-02
-2.5944933976551404e-01 -7.5839029250519618e-01 2.2016217841193540e-02
2.5936690365893650e-01 8.3795443690851656e-01 1.6769167697246241e-02
2.5936690365893650e-01 -8.3795443690851656e-01 1.6769167697246241e-02
-2.5936690365893650e-01 8.3795443690851656e-01 1.6769167697246241e-02
-2.5936690365893650e-01 -8.3795443690851656e-01 1.6769167697246241e-02
2.5924989293336226e-01 9.1734549619393568e-01 1.1823448715889679e-02
2.5924989293336226e-01 -9.1734549619393568e-01 1.1823448715889679e-02
-2.5924989293336226e-01 9.1734549619393568e-01 1.1823448715889679e-02
-2.5924989293336226e-01 -9.1734549619393568e-01 1.1823448715889679e-02
2.5907766662972831e-01 9.9645250635652083e-01 7.4634603929480273e-03
2.5907766662972831e-01 -9.9645250635652083e-01 7.4634603929480273e-03
-2.5907766662972831e-01 9.9645250635652083e-01 7.4634603929480273e-03
-2.5907766662972831e-01 -9.9645250635652083e-01 7.4634603929480273e-03
2.5881143218144959e-01 1.0750654683918341e+00 3.9858528782973426e-03
2.5881143218144959e-01 -1.0750654683918341e+00 3.9858528782973426e-03
-2.5881143218144959e-01 1.0750654683918341e+00 3.9858528782973426e-03
-2.5881143218144959e-01 -1.0750654683918341e+00 3.9858528782973426e-03
2.5837142234746768e-01 1.1527549079626882e+00 1.6244808337911910e-03
2.5837142234746768e-01 -1.1527549079626882e+00 1.6244808337911910e-03
-2.5837142234746768e-01 1.1527549079626882e+00 1.6244808337911910e-03
-2.5837142234746768e-01 -1.1527549079626882e+00 1.6244808337911910e-03
2.5757822154725291e-01 1.2286035332916547e+00 4.1120525537586406e-04
2.5757822154725291e-01 -1.2286035332916547e+00 4.1120525537586406e-04
-2.5757822154725291e-01 1.2286035332916547e+00 4.1120525537586406e-04
-2.5757822154725291e-01 -1.2286035332916547e+00 4.1120525537586406e-04
2.5600420121575129e-01 1.3010566359203635e+00 4.0912189434475536e-05
2.5600420121575129e-01 -1.3010566359203635e+00 4.0912189434475536e-05
-2.5600420121575129e-01 1.3010566359203635e+00 4.0912189434475536e-05
-2.5600420121575129e-01 -1.3010566359203635e+00 4.0912189434475536e-05
2.5246169009962721e-01 1.3710185003429125e+00 4.8489638566682417e-07
2.5246169009962721e-01 -1.3710185003429125e+00 4.8489638566682417e-07
-2.5246169009962721e-01 1.3710185003429125e+00 4.8489638566682417e-07
-2.5246169009962721e-01 -1.3710185003429125e+00 4.8489638566682417e-07
2.4501802435321129e-01 1.4434594747108591e+00 4.1112851212821523e-12
2.4501802435321129e-01 -1.4434594747108591e+00 4.1112851212821523e-12
-2.4501802435321129e-01 1.4434594747108591e+00 4.1112851212821523e-12
-2.4501802435321129e-01 -1.4434594747108591e+00 4.1112851212821523e-12
2.9959494825326594e-01 3.9946023636176921e-02 4.7723345780444792e-02
2.9959494825326594e-01 -3.9946023636176921e-02 4.7723345780444792e-02
-2.9959494825326594e-01 3.9946023636176921e-02 4.7723345780444792e-02
-2.9959494825326594e-01 -3.9946023636176921e-02 4.7723345780444792e-02
2.9958976776929597e-01 1.1983598576873945e-01 4.6952022022096841e-02
2.9958976776929597e-01 -1.1983598576873945e-01 4.6952022022096841e-02
-2.9958976776929597e-01 1.1983598576873945e-01 4.6952022022096841e-02
-2.9958976776929597e-01 -1.1983598576873945e-01 4.6952022022096841e-02
2.9957961211795253e-01 1.9971983821249417e-01 4.5418603799397127e-02
2.9957961211795253e-01 -1.9971983821249417e-01 4.5418603799397127e-02
-2.9957961211795253e-01 1.9971983821249417e-01 4.5418603799397127e-02
-2.9957961211795253e-01 -1.9971983821249417e-01 4.5418603799397127e-02
2.9956463626089624e-01 2.7959374669751491e-01 4.3146693267722948e-02
2.9956463626089624e-01 -2.7959374669751491e-01 4.3146693267722948e-02
-2.9956463626089624e-01 2.7959374669751491e-01 4.3146693267722948e-02
-2.9956463626089624e-01 -2.7959374669751491e-01 4.3146693267722948e-02
2.9954459844221792e-01 3.5945357888150481e-01 4.0180764218009819e-02
2.9954459844221792e-01 -3.5945357888150481e-01 4.0180764218009819e-02
-2.9954459844221792e-01 3.5945357888150481e-01 4.0180764218009819e-02
-2.9954459844221792e-01 -3.5945357888150481e-01 4.0180764218009819e-02
2.9951858223038691e-01 4.3929395561560375e-01 3.6590179440731785e-02
2.9951858223038691e-01 -4.3929395561560375e-01 3.6590179440731785e-02
-2.9951858223038691e-01 4.3929395561560375e-01 3.6590179440731785e-02
-2.9951858223038691e-01 -4.3929395561560375e-01 3.6590179440731785e-02
2.9948480777251368e-01 5.1910701591304409e-01 3.2469959558702251e-02
2.9948480777251368e-01 -5.1910701591304409e-01 3.2469959558702251e-02
-2.9948480777251368e-01 5.1910701591304409e-01 3.2469959558702251e-02
-2.9948480777251368e-01 -5.1910701591304409e-01 3.2469959558702251e-02
2.9944042721034841e-01 5.9888085442069683e-01 2.7940378421943104e-02
2.9944042721034841e-01 -5.9888085442069683e-01 2.7940378421943104e-02
-2.9944042721034841e-01 5.9888085442069683e-01 2.7940378421943104e-02
-2.9944042721034841e-01 -5.9888085442069683e-01 2.7940378421943104e-02
2.9938114013293832e-01 6.7859722689746460e-01 2.3148069468902778e-02
2.9938114013293832e-01 -6.7859722689746460e-01 2.3148069468902778e-02
-2.9938114013293832e-01 6.7859722689746460e-01 2.3148069468902778e-02
-2.9938114013293832e-01 -6.7859722689746460e-01 2.3148069468902778e-02
2.9930041224985365e-01 7.5822763748795330e-01 1.8269972378940551e-02
2.9930041224985365e-01 -7.5822763748795330e-01 1.8269972378940551e-02
-2.9930041224985365e-01 7.5822763748795330e-01 1.8269972378940551e-02
-2.9930041224985365e-01 -7.5822763748795330e-01 1.8269972378940551e-02
2.9918792463518140e-01 8.3772603464302353e-01 1.3518955303904741e-02
2.9918792463518140e-01 -8.3772603464302353e-01 1.3518955303904741e-02
-2.9918792463518140e-01 8.3772603464302353e-01 1.3518955303904741e-02
-2.9918792463518140e-01 -8.3772603464302353e-01 1.3518955303904741e-02
2.9902644600582479e-01 9.1701426445862411e-01 9.1463113074626793e-03
2.9902644600582479e-01 -9.1701426445862411e-01 9.1463113074626793e-03
-2.9902644600582479e-01 9.1701426445862411e-01 9.1463113074626793e-03
-2.9902644600582479e-01 -9.1701426445862411e-01 9.1463113074626793e-03
2.9878517259879372e-01 9.9595114379473026e-01 5.4307367630321360e-03
2.9878517259879372e-01 -9.9595114379473026e-01 5.4307367630321360e-03
-2.9878517259879372e-01 9.9595114379473026e-01 5.4307367630321360e-03
-2.9878517259879372e-01 -9.9595114379473026e-01 5.4307367630321360e-03
2.9840446632452039e-01 1.0742622515791014e+00 2.6358566988950614e-03
2.9840446632452039e-01 -1.0742622515791014e+00 2.6358566988950614e-03
-2.9840446632452039e-01 1.0742622515791014e+00 2.6358566988950614e-03
-2.9840446632452039e-01 -1.0742622515791014e+00 2.6358566988950614e-03
2.9775842454991186e-01 1.1513761519353563e+00 9.1518283774292262e-04
2.9775842454991186e-01 -1.1513761519353563e+00 9.1518283774292262e-04
-2.9775842454991186e-01 1.1513761519353563e+00 9.1518283774292262e-04
-2.9775842454991186e-01 -1.1513761519353563e+00 9.1518283774292262e-04
2.9656237993950368e-01 1.2261229115454291e+00 1.7256447646398629e-04
2.9656237993950368e-01 -1.2261229115454291e+00 1.7256447646398629e-04
-2.9656237993950368e-01 1.2261229115454291e+00 1.7256447646398629e-04
-2.9656237993950368e-01 -1.2261229115454291e+00 1.7256447646398629e-04
2.9415795732492001e-01 1.2972621810863927e+00 9.3835786655957888e-06
2.9415795732492001e-01 -1.2972621810863927e+00 9.3835786655957888e-06
-2.9415795732492001e-01 1.2972621810863927e+00 9.3835786655957888e-06
-2.9415795732492001e-01 -1.2972621810863927e+00 9.3835786655957888e-06
2.8894333544957240e-01 1.3678902339842456e+00 2.3312121798543573e-08
2.8894333544957240e-01 -1.3678902339842456e+00 2.3312121798543573e-08
-2.8894333544957240e-01 1.3678902339842456e+00 2.3312121798543573e-08
-2.8894333544957240e-01 -1.3678902339842456e+00 2.3312121798543573e-08
3.3949525439161671e-01 3.9940634569059663e-02 4.1654025971004822e-02
3.3949525439161671e-01 -3.9940634569059663e-02 4.1654025971004822e-02
-3.3949525439161671e-01 3.9940634569059663e-02 4.1654025971004822e-02
-3.3949525439161671e-01 -3.9940634569059663e-02 4.1654025971004822e-02
3.3948957218549408e-01 1.1981989234996440e-01 4.0914886475836604e-02
3.3948957218549408e-01 -1.1981989234996440e-01 4.0914886475836604e-02
-3.3948957218549408e-01 1.1981989234996440e-01 4.0914886475836604e-02
-3.3948957218549408e-01 -1.1981989234996440e-01 4.0914886475836604e-02
3.3947808560476295e-01 1.9969304791764689e-01 3.9451831098604027e-02
3.3947808560476295e-01 -1.9969304791764689e-01 3.9451831098604027e-02
-3.3947808560476295e-01 1.9969304791764689e-01 3.9451831098604027e-02
-3.3947808560476295e-01 -1.9969304791764689e-01 3.9451831098604027e-02
3.3946041559826018e-01 2.7955569189953006e-01 3.7297266617502239e-02
3.3946041559826018e-01 -2.7955569189953006e-01 3.7297266617502239e-02
-3.3946041559826018e-01 2.7955569189953006e-01 3.7297266617502239e-02
-3.3946041559826018e-01 -2.7955569189953006e-01 3.7297266617502239e-02
3.3943571395143707e-01 3.5940256758112699e-01 3.4503454711733064e-02
3.3943571395143707e-01 -3.5940256758112699e-01 3.4503454711733064e-02
-3.3943571395143707e-01 3.5940256758112699e-01 3.4503454711733064e-02
-3.3943571395143707e-01 -3.5940256758112699e-01 3.4503454711733064e-02
3.3940242669867809e-01 4.3922670737906616e-01 3.1144647479964701e-02
3.3940242669867809e-01 -4.3922670737906616e-01 3.1144647479964701e-02
-3.3940242669867809e-01 4.3922670737906616e-01 3.1144647479964701e-02
-3.3940242669867809e-01 -4.3922670737906616e-01 3.1144647479964701e-02
3.3935802459264280e-01 5.1901818547591505e-01 2.7318552449142032e-02
3.3935802459264280e-01 -5.1901818547591505e-01 2.7318552449142032e-02
-3.3935802459264280e-01 5.1901818547591505e-01 2.7318552449142032e-02
-3.3935802459264280e-01 -5.1901818547591505e-01 2.7318552449142032e-02
3.3929861344873230e-01 5.9876228026587663e-01 2.3148069468902778e-02
3.3929861344873230e-01 -5.9876228026587663e-01 2.3148069468902778e-02
-3.3929861344873230e-01 5.9876228026587663e-01 2.3148069468902778e-02
-3.3929861344873230e-01 -5.9876228026587663e-01 2.3148069468902778e-02
3.3921825479913426e-01 6.7843650959826851e-01 1.8784353619726538e-02
3.3921825479913426e-01 -6.7843650959826851e-01 1.8784353619726538e-02
-3.3921825479913426e-01 6.7843650959826851e-01 1.8784353619726538e-02
-3.3921825479913426e-01 -6.7843650959826851e-01 1.8784353619726538e-02
3.3910769399806551e-01 7.5800538791268313e-01 1.4411158990603025e-02
3.3910769399806551e-01 -7.5800538791268313e-01 1.4411158990603025e-02
-3.3910769399806551e-01 7.5800538791268313e-01 1.4411158990603025e-02
-3.3910769399806551e-01 -7.5800538791268313e-01 1.4411158990603025e-02
3.3895188573280716e-01 8.3741044500064143e-01 1.0248057701392446e-02
3.3895188573280716e-01 -8.3741044500064143e-01 1.0248057701392446e-02
-3.3895188573280716e-01 8.3741044500064143e-01 1.0248057701392446e-02
-3.3895188573280716e-01 -8.3741044500064143e-01 1.0248057701392446e-02
3.3872493587019087e-01 9.1654990922648982e-01 6.5461497066640799e-03
3.3872493587019087e-01 -9.1654990922648982e-01 6.5461497066640799e-03
-3.3872493587019087e-01 9.1654990922648982e-01 6.5461497066640799e-03
-3.3872493587019087e-01 -9.1654990922648982e-01 6.5461497066640799e-03
3.3837906974358967e-01 9.9523449970284761e-01 3.5639661559720391e-03
3.3837906974358967e-01 -9.9523449970284761e-01 3.5639661559720391e-03
-3.3837906974358967e-01 9.9523449970284761e-01 3.5639661559720391e-03
-3.3837906974358967e-01 -9.9523449970284761e-01 3.5639661559720391e-03
3.3781889959035022e-01 1.0730861247851571e+00 1.5056567086283723e-03
3.3781889959035022e-01 -1.0730861247851571e+00 1.5056567086283723e-03
-3.3781889959035022e-01 1.0730861247851571e+00 1.5056567086283723e-03
-3.3781889959035022e-01 -1.0730861247851571e+00 1.5056567086283723e-03
3.3683945380398528e-01 1.1493170791048501e+00 4.1120045338325961e-04
3.3683945380398528e-01 -1.1493170791048501e+00 4.1120045338325961e-04
-3.3683945380398528e-01 1.1493170791048501e+00 4.1120045338325961e-04
-3.3683945380398528e-01 -1.1493170791048501e+00 4.1120045338325961e-04
3.3499142317533159e-01 1.2225467980467251e+00 4.9115459878920650e-05
3.3499142317533159e-01 -1.2225467980467251e+00 4.9115459878920650e-05
-3.3499142317533159e-01 1.2225467980467251e+00 4.9115459878920650e-05
-3.3499142317533159e-01 -1.2225467980467251e+00 4.9115459878920650e-05
3.3131478111649693e-01 1.2929139174721007e+00 9.9618673778683045e-07
3.3131478111649693e-01 -1.2929139174721007e+00 9.9618673778683045e-07
-3.3131478111649693e-01 1.2929139174721007e+00 9.9618673778683045e-07
-3.3131478111649693e-01 -1.2929139174721007e+00 9.9618673778683045e-07
3.2506038529429226e-01 1.3648694625432038e+00 1.1920254627353932e-10
3.2506038529429226e-01 -1.3648694625432038e+00 1.1920254627353932e-10
-3.2506038529429226e-01 1.3648694625432038e+00 1.1920254627353932e-10
-3.2506038529429226e-01 -1.3648694625432038e+00 1.1920254627353932e-10
3.7937637034475918e-01 3.9934364364266992e-02 3.5193207324374469e-02
3.7937637034475918e-01 -3.9934364364266992e-02 3.5193207324374469e-02
-3.7937637034475918e-01 3.9934364364266992e-02 3.5193207324374469e-02
-3.7937637034475918e-01 -3.9934364364266992e-02 3.5193207324374469e-02
3.7936931003434010e-01 1.1980086121847276e-01 3.4503458979000236e-02
3.7936931003434010e-01 -1.1980086121847276e-01 3.4503458979000236e-02
-3.7936931003434010e-01 1.1980086121847276e-01 3.4503458979000236e-02
-3.7936931003434010e-01 -1.1980086121847276e-01 3.4503458979000236e-02
3.7935482881572014e-01 1.9966047418792685e-01 3.3141778085550598e-02
3.7935482881572014e-01 -1.9966047418792685e-01 3.3141778085550598e-02
-3.7935482881572014e-01 1.9966047418792685e-01 3.3141778085550598e-02
-3.7935482881572014e-01 -1.9966047418792685e-01 3.3141778085550598e-02
3.7933210997345046e-01 2.7950791486413945e-01 3.1144649091167580e-02
3.7933210997345046e-01 -2.7950791486413945e-01 3.1144649091167580e-02
-3.7933210997345046e-01 2.7950791486413945e-01 3.1144649091167580e-02
-3.7933210997345046e-01 -2.7950791486413945e-01 3.1144649091167580e-02
3.7929970216088488e-01 3.5933660845038079e-01 2.8568601716033197e-02
3.7929970216088488e-01 -3.5933660845038079e-01 2.8568601716033197e-02
-3.7929970216088488e-01 3.5933660845038079e-01 2.8568601716033197e-02
-3.7929970216088488e-01 -3.5933660845038079e-01 2.8568601716033197e-02
3.7925525805269755e-01 4.3913772047171734e-01 2.5491837923628906e-02
3.7925525805269755e-01 -4.3913772047171734e-01 2.5491837923628906e-02
-3.7925525805269755e-01 4.3913772047171734e-01 2.5491837923628906e-02
-3.7925525805269755e-01 -4.3913772047171734e-01 2.5491837923628906e-02
3.7919514625259820e-01 5.1889867953102820e-01 2.2016217841193536e-02
3.7919514625259820e-01 -5.1889867953102820e-01 2.2016217841193536e-02
-3.7919514625259820e-01 5.1889867953102820e-01 2.2016217841193536e-02
-3.7919514625259820e-01 -5.1889867953102820e-01 2.2016217841193536e-02
3.7911381874397659e-01 5.9860082449970697e-01 1.8269972378940555e-02
3.7911381874397659e-01 -5.9860082449970697e-01 1.8269972378940555e-02
-3.7911381874397659e-01 5.9860082449970697e-01 1.8269972378940555e-02
-3.7911381874397659e-01 -5.9860082449970697e-01 1.8269972378940555e-02
3.7900269395634145e-01 6.7821538799613101e-01 1.4411158990603025e-02
3.7900269395634145e-01 -6.7821538799613101e-01 1.4411158990603025e-02
-3.7900269395634145e-01 6.7821538799613101e-01 1.4411158990603025e-02
-3.7900269395634145e-01 -6.7821538799613101e-01 1.4411158990603025e-02
3.7884806993351738e-01 7.5769613986703455e-01 1.0630549921688173e-02
3.7884806993351738e-01 -7.5769613986703455e-01 1.0630549921688173e-02
-3.7884806993351738e-01 7.5769613986703455e-01 1.0630549921688173e-02
-3.7884806993351738e-01 -7.5769613986703455e-01 1.0630549921688173e-02
3.7862701416644884e-01 8.3696497996594332e-01 7.1499801765135618e-03
3.7862701416644884e-01 -8.3696497996594332e-01 7.1499801765135618e-03
-3.7862701416644884e-01 8.3696497996594332e-01 7.1499801765135618e-03
-3.7862701416644884e-01 -8.3696497996594332e-01 7.1499801765135618e-03
3.7829876934956830e-01 9.1588179779315082e-01 4.2078679725721241e-03
3.7829876934956830e-01 -9.1588179779315082e-01 4.2078679725721241e-03
-3.7829876934956830e-01 9.1588179779315082e-01 4.2078679725721241e-03
-3.7829876934956830e-01 -9.1588179779315082e-01 4.2078679725721241e-03
3.7778561961473955e-01 9.9417761056583576e-01 2.0184895850520854e-03
3.7778561961473955e-01 -9.9417761056583576e-01 2.0184895850520854e-03
-3.7778561961473955e-01 9.9417761056583576e-01 2.0184895850520854e-03
-3.7778561961473955e-01 -9.9417761056583576e-01 2.0184895850520854e-03
3.7692853474275667e-01 1.0713050129732300e+00 6.9192426310548359e-04
3.7692853474275667e-01 -1.0713050129732300e+00 6.9192426310548359e-04
-3.7692853474275667e-01 1.0713050129732300e+00 6.9192426310548359e-04
-3.7692853474275667e-01 -1.0713050129732300e+00 6.9192426310548359e-04
3.7539105330530981e-01 1.1461891867515814e+00 1.2987421592710647e-04
3.7539105330530981e-01 -1.1461891867515814e+00 1.2987421592710647e-04
-3.7539105330530981e-01 1.1461891867515814e+00 1.2987421592710647e-04
-3.7539105330530981e-01 -1.1461891867515814e+00 1.2987421592710647e-04
3.7251533894799443e-01 1.2177446652170456e+00 7.3914094183929819e-06
3.7251533894799443e-01 -1.2177446652170456e+00 7.3914094183929819e-06
-3.7251533894799443e-01 1.2177446652170456e+00 7.3914094183929819e-06
-3.7251533894799443e-01 -1.2177446652170456e+00 7.3914094183929819e-06
3.6740546678805264e-01 1.2885832924764340e+00 2.5486020848538797e-08
3.6740546678805264e-01 -1.2885832924764340e+00 2.5486020848538797e-08
-3.6740546678805264e-01 1.2885832924764340e+00 2.5486020848538797e-08
-3.6740546678805264e-01 -1.2885832924764340e+00 2.5486020848538797e-08
4.1922597031639341e-01 3.9926291356874331e-02 2.8568602911834613e-02
4.1922597031639341e-01 -3.9926291356874331e-02 2.8568602911834613e-02
-4.1922597031639341e-01 3.9926291356874331e-02 2.8568602911834613e-02
-4.1922597031639341e-01 -3.9926291356874331e-02 2.8568602911834613e-02
4.1921655424077392e-01 1.1977618331890413e-01 2.7940379941105549e-02
4.1921655424077392e-01 -1.1977618331890413e-01 2.7940379941105549e-02
-4.1921655424077392e-01 1.1977618331890413e-01 2.7940379941105549e-02
-4.1921655424077392e-01 -1.1977618331890413e-01 2.7940379941105549e-02
4.1919712253844232e-01 1.9961771808610235e-01 2.6703162308720985e-02
4.1919712253844232e-01 -1.9961771808610235e-01 2.6703162308720985e-02
-4.1919712253844232e-01 1.9961771808610235e-01 2.6703162308720985e-02
-4.1919712253844232e-01 -1.9961771808610235e-01 2.6703162308720985e-02
4.1916637617403402e-01 2.7944430724565011e-01 2.4895980246259032e-02
4.1916637617403402e-01 -2.7944430724565011e-01 2.4895980246259032e-02
-4.1916637617403402e-01 2.7944430724565011e-01 2.4895980246259032e-02
-4.1916637617403402e-01 -2.7944430724565011e-01 2.4895980246259032e-02
4.1912210597778460e-01 3.5924759305674631e-01 2.2578776670718080e-02
4.1912210597778460e-01 -3.5924759305674631e-01 2.2578776670718080e-02
-4.1912210597778460e-01 3.5924759305674631e-01 2.2578776670718080e-02
-4.1912210597778460e-01 -3.5924759305674631e-01 2.2578776670718080e-02
4.1906083444231979e-01 4.3901620454401219e-01 1.9834062040643603e-02
4.1906083444231979e-01 -4.3901620454401219e-01 1.9834062040643603e-02
-4.1906083444231979e-01 4.3901620454401219e-01 1.9834062040643603e-02
-4.1906083444231979e-01 -4.3901620454401219e-01 1.9834062040643603e-02
4.1897721845425845e-01 5.1873380731787311e-01 1.6769167697246238e-02
4.1897721845425845e-01 -5.1873380731787311e-01 1.6769167697246238e-02
-4.1897721845425845e-01 5.1873380731787311e-01 1.6769167697246238e-02
-4.1897721845425845e-01 -5.1873380731787311e-01 1.6769167697246238e-02
4.1886301732151177e-01 5.9837584927036269e-01 1.3518955303904741e-02
4.1886301732151177e-01 -5.9837584927036269e-01 1.3518955303904741e-02
-4.1886301732151177e-01 5.9837584927036269e-01 1.3518955303904741e-02
-4.1886301732151177e-01 -5.9837584927036269e-01 1.3518955303904741e-02
4.1870522250032072e-01 6.7790377146561431e-01 1.0248057701392446e-02
4.1870522250032072e-01 -6.7790377146561431e-01 1.0248057701392446e-02
-4.1870522250032072e-01 6.7790377146561431e-01 1.0248057701392446e-02
-4.1870522250032072e-01 -6.7790377146561431e-01 1.0248057701392446e-02
4.1848248998297172e-01 7.5725402833289768e-01 7.1499801765135601e-03
4.1848248998297172e-01 -7.5725402833289768e-01 7.1499801765135601e-03
-4.1848248998297172e-01 7.5725402833289768e-01 7.1499801765135601e-03
-4.1848248998297172e-01 -7.5725402833289768e-01 7.1499801765135601e-03
4.1815794448558458e-01 8.3631588897116915e-01 4.4373575364512526e-03
4.1815794448558458e-01 -8.3631588897116915e-01 4.4373575364512526e-03
-4.1815794448558458e-01 8.3631588897116915e-01 4.4373575364512526e-03
-4.1815794448558458e-01 -8.3631588897116915e-01 4.4373575364512526e-03
4.1766381227812965e-01 9.1488381796853213e-01 2.3136732567598981e-03
4.1766381227812965e-01 -9.1488381796853213e-01 2.3136732567598981e-03
-4.1766381227812965e-01 9.1488381796853213e-01 2.3136732567598981e-03
-4.1766381227812965e-01 -9.1488381796853213e-01 2.3136732567598981e-03
4.1686728566634090e-01 9.9255237764310811e-01 9.1516626538412562e-04
4.1686728566634090e-01 -9.9255237764310811e-01 9.1516626538412562e-04
-4.1686728566634090e-01 9.9255237764310811e-01 9.1516626538412562e-04
-4.1686728566634090e-01 -9.9255237764310811e-01 9.1516626538412562e-04
4.1549828346008177e-01 1.0685127935683858e+00 2.2540493428127155e-04
4.1549828346008177e-01 -1.0685127935683858e+00 2.2540493428127155e-04
-4.1549828346008177e-01 1.0685127935683858e+00 2.2540493428127155e-04
-4.1549828346008177e-01 -1.0685127935683858e+00 2.2540493428127155e-04
4.1304838891533230e-01 1.1415419586428979e+00 2.2832823198919137e-05
4.1304838891533230e-01 -1.1415419586428979e+00 2.2832823198919137e-05
-4.1304838891533230e-01 1.1415419586428979e+00 2.2832823198919137e-05
-4.1304838891533230e-01 -1.1415419586428979e+00 2.2832823198919137e-05
4.0883717091140265e-01 1.2122606754974292e+00 3.5567380758930337e-07
4.0883717091140265e-01 -1.2122606754974292e+00 3.5567380758930337e-07
-4.0883717091140265e-01 1.2122606754974292e+00 3.5567380758930337e-07
-4.0883717091140265e-01 -1.2122606754974292e+00 3.5567380758930337e-07
4.0364362794150921e-01 1.2846006827380525e+00 2.4859633024128109e-11
4.0364362794150921e-01 -1.2846006827380525e+00 2.4859633024128109e-11
-4.0364362794150921e-01 1.2846006827380525e+00 2.4859633024128109e-11
-4.0364362794150921e-01 -1.2846006827380525e+00 2.4859633024128109e-11
4.5902565816931312e-01 3.9915286965150946e-02 2.2016217563178165e-02
4.5902565816931312e-01 -3.9915286965150946e-02 2.2016217563178165e-02
-4.5902565816931312e-01 3.9915286965150946e-02 2.2016217563178165e-02
-4.5902565816931312e-01 -3.9915286965150946e-02 2.2016217563178165e-02
4.5901254811813069e-01 1.1974244137512118e-01 2.1460429466671049e-02
4.5901254811813069e-01 -1.1974244137512118e-01 2.1460429466671049e-02
-4.5901254811813069e-01 1.1974244137512118e-01 2.1460429466671049e-02
-4.5901254811813069e-01 -1.1974244137512118e-01 2.1460429466671049e-02
4.5898540999081333e-01 1.9955893810606970e-01 2.0369314422903038e-02
4.5898540999081333e-01 -1.9955893810606970e-01 2.0369314422903038e-02
-4.5898540999081333e-01 1.9955893810606970e-01 2.0369314422903038e-02
-4.5898540999081333e-01 -1.9955893810606970e-01 2.0369314422903038e-02
4.5894226834223312e-01 2.7935625645366402e-01 1.8784353658882473e-02
4.5894226834223312e-01 -2.7935625645366402e-01 1.8784353658882473e-02
-4.5894226834223312e-01 2.7935625645366402e-01 1.8784353658882473e-02
-4.5894226834223312e-01 -2.7935625645366402e-01 1.8784353658882473e-02
4.5887977981824596e-01 3.5912342941228509e-01 1.6769168043576702e-02
4.5887977981824596e-01 -3.5912342941228509e-01 1.6769168043576702e-02
-4.5887977981824596e-01 3.5912342941228509e-01 1.6769168043576702e-02
-4.5887977981824596e-01 -3.5912342941228509e-01 1.6769168043576702e-02
4.5879267050061701e-01 4.3884531311398545e-01 1.4411160178393853e-02
4.5879267050061701e-01 -4.3884531311398545e-01 1.4411160178393853e-02
-4.5879267050061701e-01 4.3884531311398545e-01 1.4411160178393853e-02
-4.5879267050061701e-01 -4.3884531311398545e-01 1.4411160178393853e-02
4.5867274809696773e-01 5.1849978586672452e-01 1.1823448715889679e-02
4.5867274809696773e-01 -5.1849978586672452e-01 1.1823448715889679e-02
-4.5867274809696773e-01 5.1849978586672452e-01 1.1823448715889679e-02
-4.5867274809696773e-01 -5.1849978586672452e-01 1.1823448715889679e-02
4.5850713222931211e-01 5.9805289201164957e-01 9.1463113074626776e-03
4.5850713222931211e-01 -5.9805289201164957e-01 9.1463113074626776e-03
-4.5850713222931211e-01 5.9805289201164957e-01 9.1463113074626776e-03
-4.5850713222931211e-01 -5.9805289201164957e-01 9.1463113074626776e-03
4.5827495461324491e-01 6.7744987174038185e-01 6.5461497066640799e-03
4.5827495461324491e-01 -6.7744987174038185e-01 6.5461497066640799e-03
-4.5827495461324491e-01 6.7744987174038185e-01 6.5461497066640799e-03
-4.5827495461324491e-01 -6.7744987174038185e-01 6.5461497066640799e-03
4.5794089889657541e-01 7.5659753869913637e-01 4.2078679725721249e-03
4.5794089889657541e-01 -7.5659753869913637e-01 4.2078679725721249e-03
-4.5794089889657541e-01 7.5659753869913637e-01 4.2078679725721249e-03
-4.5794089889657541e-01 -7.5659753869913637e-01 4.2078679725721249e-03
4.5744190898426595e-01 8.3532762455625931e-01 2.3136732567598981e-03
4.5744190898426595e-01 -8.3532762455625931e-01 2.3136732567598981e-03
-4.5744190898426595e-01 8.3532762455625931e-01 2.3136732567598981e-03
-4.5744190898426595e-01 -8.3532762455625931e-01 2.3136732567598981e-03
4.5665895868642381e-01 9.1331791737284784e-01 9.9972823682907509e-04
4.5665895868642381e-01 -9.1331791737284784e-01 9.9972823682907509e-04
-4.5665895868642381e-01 9.1331791737284784e-01 9.9972823682907509e-04
-4.5665895868642381e-01 -9.1331791737284784e-01 9.9972823682907509e-04
4.5536010094473234e-01 9.8993475101297068e-01 2.8978497632242705e-04
4.5536010094473234e-01 -9.8993475101297068e-01 2.8978497632242705e-04
-4.5536010094473234e-01 9.8993475101297068e-01 2.8978497632242705e-04
-4.5536010094473234e-01 -9.8993475101297068e-01 2.8978497632242705e-04
4.5312666204822438e-01 1.0641010881392414e+00 4.0981726988871595e-05
4.5312666204822438e-01 -1.0641010881392414e+00 4.0981726988871595e-05
-4.5312666204822438e-01 1.0641010881392414e+00 4.0981726988871595e-05
-4.5312666204822438e-01 -1.0641010881392414e+00 4.0981726988871595e-05
4.4945599832820810e-01 1.1354227814280307e+00 1.4036952662380133e-06
4.4945599832820810e-01 -1.1354227814280307e+00 1.4036952662380133e-06
-4.4945599832820810e-01 1.1354227814280307e+00 1.4036952662380133e-06
-4.4945599832820810e-01 -1.1354227814280307e+00 1.4036952662380133e-06
4.4473888275616091e-01 1.2070124174952952e+00 1.5153324376051029e-09
4.4473888275616091e-01 -1.2070124174952952e+00 1.5153324376051029e-09
-4.4473888275616091e-01 1.2070124174952952e+00 1.5153324376051029e-09
-4.4473888275616091e-01 -1.2070124174952952e+00 1.5153324376051029e-09
4.9874584148555429e-01 3.9899687231342094e-02 1.5804284471625029e-02
4.9874584148555429e-01 -3.9899687231342094e-02 1.5804284471625029e-02
-4.9874584148555429e-01 3.9899687231342094e-02 1.5804284471625029e-02
-4.9874584148555429e-01 -3.9899687231342094e-02 1.5804284471625029e-02
4.9872691813648945e-01 1.1969452038151406e-01 1.5332647395253196e-02
4.9872691813648945e-01 -1.1969452038151406e-01 1.5332647395253196e-02
-4.9872691813648945e-01 1.1969452038151406e-01 1.5332647395253196e-02
-4.9872691813648945e-01 -1.1969452038151406e-01 1.5332647395253196e-02
4.9868764559763168e-01 1.9947515852392694e-01 1.4411161603736697e-02
4.9868764559763168e-01 -1.9947515852392694e-01 1.4411161603736697e-02
-4.9868764559763168e-01 1.9947515852392694e-01 1.4411161603736697e-02
-4.9868764559763168e-01 -1.9947515852392694e-01 1.4411161603736697e-02
4.9862494440244876e-01 2.7923010658079706e-01 1.3083921237856655e-02
4.9862494440244876e-01 -2.7923010658079706e-01 1.3083921237856655e-02
-4.9862494440244876e-01 2.7923010658079706e-01 1.3083921237856655e-02
-4.9862494440244876e-01 -2.7923010658079706e-01 1.3083921237856655e-02
4.9853356157076673e-01 3.5894432662785852e-01 1.1418274317631583e-02
4.9853356157076673e-01 -3.5894432662785852e-01 1.1418274317631583e-02
-4.9853356157076673e-01 3.5894432662785852e-01 1.1418274317631583e-02
-4.9853356157076673e-01 -3.5894432662785852e-01 1.1418274317631583e-02
4.9840509888021634e-01 4.3859663465300747e-01 9.5059233390788044e-03
4.9840509888021634e-01 -4.3859663465300747e-01 9.5059233390788044e-03
-4.9840509888021634e-01 4.3859663465300747e-01 9.5059233390788044e-03
-4.9840509888021634e-01 -4.3859663465300747e-01 9.5059233390788044e-03
4.9822625317826036e-01 5.1815533325945640e-01 7.4634603929480282e-03
4.9822625317826036e-01 -5.1815533325945640e-01 7.4634603929480282e-03
-4.9822625317826036e-01 5.1815533325945640e-01 7.4634603929480282e-03
-4.9822625317826036e-01 -5.1815533325945640e-01 7.4634603929480282e-03
4.9797557189736502e-01 5.9757034519758745e-01 5.4307367630321360e-03
4.9797557189736502e-01 -5.9757034519758745e-01 5.4307367630321360e-03
-4.9797557189736502e-01 5.9757034519758745e-01 5.4307367630321360e-03
-4.9797557189736502e-01 -5.9757034519758745e-01 5.4307367630321360e-03
4.9761724985142375e-01 6.7675813948717911e-01 3.5639661559720395e-03
4.9761724985142375e-01 -6.7675813948717911e-01 3.5639661559720395e-03
-4.9761724985142375e-01 6.7675813948717911e-01 3.5639661559720395e-03
-4.9761724985142375e-01 -6.7675813948717911e-01 3.5639661559720395e-03
4.9708880528291788e-01 7.5557123922947900e-01 2.0184895850520858e-03
4.9708880528291788e-01 -7.5557123922947900e-01 2.0184895850520858e-03
-4.9708880528291788e-01 7.5557123922947900e-01 2.0184895850520858e-03
-4.9708880528291788e-01 -7.5557123922947900e-01 2.0184895850520858e-03
4.9627618882155417e-01 8.3373457133268181e-01 9.1516626538412551e-04
4.9627618882155417e-01 -8.3373457133268181e-01 9.1516626538412551e-04
-4.9627618882155417e-01 8.3373457133268181e-01 9.1516626538412551e-04
-4.9627618882155417e-01 -8.3373457133268181e-01 9.1516626538412551e-04
4.9496737550648523e-01 9.1072020188946468e-01 2.8978497632242705e-04
4.9496737550648523e-01 -9.1072020188946468e-01 2.8978497632242705e-04
-4.9496737550648523e-01 9.1072020188946468e-01 2.8978497632242705e-04
-4.9496737550648523e-01 -9.1072020188946468e-01 2.8978497632242705e-04
4.9280464128565749e-01 9.8560928257131508e-01 4.9152393912455077e-05
4.9280464128565749e-01 -9.8560928257131508e-01 4.9152393912455077e-05
-4.9280464128565749e-01 9.8560928257131508e-01 4.9152393912455077e-05
-4.9280464128565749e-01 -9.8560928257131508e-01 4.9152393912455077e-05
4.8942994240400856e-01 1.0576763830204865e+00 2.5613224070984494e-06
4.8942994240400856e-01 -1.0576763830204865e+00 2.5613224070984494e-06
-4.8942994240400856e-01 1.0576763830204865e+00 2.5613224070984494e-06
-4.8942994240400856e-01 -1.0576763830204865e+00 2.5613224070984494e-06
4.8521575773857972e-01 1.1289873974971294e+00 9.7247430605725455e-09
4.8521575773857972e-01 -1.1289873974971294e+00 9.7247430605725455e-09
-4.8521575773857972e-01 1.1289873974971294e+00 9.7247430605725455e-09
-4.8521575773857972e-01 -1.1289873974971294e+00 9.7247430605725455e-09
5.3833517194615921e-01 3.9876701348514759e-02 1.0248067958703047e-02
5.3833517194615921e-01 -3.9876701348514759e-02 1.0248067958703047e-02
-5.3833517194615921e-01 3.9876701348514759e-02 1.0248067958703047e-02
-5.3833517194615921e-01 -3.9876701348514759e-02 1.0248067958703047e-02
5.3830670623391341e-01 1.1962377419049833e-01 9.8731842114324394e-03
5.3830670623391341e-01 -1.1962377419049833e-01 9.8731842114324394e-03
-5.3830670623391341e-01 1.1962377419049833e-01 9.8731842114324394e-03
-5.3830670623391341e-01 -1.1962377419049833e-01 9.8731842114324394e-03
5.3824744066533337e-01 1.9935098951222302e-01 9.1463213068427307e-03
5.3824744066533337e-01 -1.9935098951222302e-01 9.1463213068427307e-03
-5.3824744066533337e-01 1.9935098951222302e-01 9.1463213068427307e-03
-5.3824744066533337e-01 -1.9935098951222302e-01 9.1463213068427307e-03
5.3815229451378355e-01 2.7904199957188497e-01 8.1135295914645141e-03
5.3815229451378355e-01 -2.7904199957188497e-01 8.1135295914645141e-03
-5.3815229451378355e-01 2.7904199957188497e-01 8.1135295914645141e-03
-5.3815229451378355e-01 -2.7904199957188497e-01 8.1135295914645141e-03
5.3801248482426156e-01 3.5867494664396266e-01 6.8442275404442046e-03
5.3801248482426156e-01 -3.5867494664396266e-01 6.8442275404442046e-03
-5.3801248482426156e-01 3.5867494664396266e-01 6.8442275404442046e-03
-5.3801248482426156e-01 -3.5867494664396266e-01 6.8442275404442046e-03
5.3781370238976078e-01 4.3821819212546653e-01 5.4307460525289571e-03
5.3781370238976078e-01 -4.3821819212546653e-01 5.4307460525289571e-03
-5.3781370238976078e-01 4.3821819212546653e-01 5.4307460525289571e-03
-5.3781370238976078e-01 -4.3821819212546653e-01 5.4307460525289571e-03
5.3753273419591685e-01 5.1762286436289917e-01 3.9858528782973426e-03
5.3753273419591685e-01 -5.1762286436289917e-01 3.9858528782973426e-03
-5.3753273419591685e-01 5.1762286436289917e-01 3.9858528782973426e-03
-5.3753273419591685e-01 -5.1762286436289917e-01 3.9858528782973426e-03
5.3713112578955047e-01 5.9680893264904078e-01 2.6358566988950618e-03
5.3713112578955047e-01 -5.9680893264904078e-01 2.6358566988950618e-03
-5.3713112578955047e-01 5.9680893264904078e-01 2.6358566988950618e-03
-5.3713112578955047e-01 -5.9680893264904078e-01 2.6358566988950618e-03
5.3654306239257854e-01 6.7563779918070044e-01 1.5056567086283723e-03
5.3654306239257854e-01 -6.7563779918070044e-01 1.5056567086283723e-03
-5.3654306239257854e-01 6.7563779918070044e-01 1.5056567086283723e-03
-5.3654306239257854e-01 -6.7563779918070044e-01 1.5056567086283723e-03
5.3565250648661489e-01 7.5385706948551323e-01 6.9192426310548370e-04
5.3565250648661489e-01 -7.5385706948551323e-01 6.9192426310548370e-04
-5.3565250648661489e-01 7.5385706948551323e-01 6.9192426310548370e-04
-5.3565250648661489e-01 -7.5385706948551323e-01 6.9192426310548370e-04
5.3425639678419279e-01 8.3099656692016377e-01 2.2540493428127155e-04
5.3425639678419279e-01 -8.3099656692016377e-01 2.2540493428127155e-04
-5.3425639678419279e-01 8.3099656692016377e-01 2.2540493428127155e-04
-5.3425639678419279e-01 -8.3099656692016377e-01 2.2540493428127155e-04
5.3205054406962082e-01 9.0625332409644921e-01 4.0981726988871581e-05
5.3205054406962082e-01 -9.0625332409644921e-01 4.0981726988871581e-05
-5.3205054406962082e-01 9.0625332409644921e-01 4.0981726988871581e-05
-5.3205054406962082e-01 -9.0625332409644921e-01 4.0981726988871581e-05
5.2883819151024314e-01 9.7885988480801711e-01 2.5613224070984498e-06
5.2883819151024314e-01 -9.7885988480801711e-01 2.5613224070984498e-06
-5.2883819151024314e-01 9.7885988480801711e-01 2.5613224070984498e-06
-5.2883819151024314e-01 -9.7885988480801711e-01 2.5613224070984498e-06
5.2510456997280874e-01 1.0502091399456175e+00 1.6803617129425833e-08
5.2510456997280874e-01 -1.0502091399456175e+00 1.6803617129425833e-08
-5.2510456997280874e-01 1.0502091399456175e+00 1.6803617129425833e-08
-5.2510456997280874e-01 -1.0502091399456175e+00 1.6803617129425833e-08
5.7769705903349722e-01 3.9841139194055450e-02 5.6981157490744554e-03
5.7769705903349722e-01 -3.9841139194055450e-02 5.6981157490744554e-03
-5.7769705903349722e-01 3.9841139194055450e-02 5.6981157490744554e-03
-5.7769705903349722e-01 -3.9841139194055450e-02 5.6981157490744554e-03
5.7765185488215243e-01 1.1951403498088495e-01 5.4307603441149420e-03
5.7765185488215243e-01 -1.1951403498088495e-01 5.4307603441149420e-03
-5.7765185488215243e-01 1.1951403498088495e-01 5.4307603441149420e-03
-5.7765185488215243e-01 -1.1951403498088495e-01 5.4307603441149420e-03
5.7755732816564931e-01 1.9915734575896787e-01 4.9189226433545580e-03
5.7755732816564931e-01 -1.9915734575896787e-01 4.9189226433545580e-03
-5.7755732816564931e-01 1.9915734575896787e-01 4.9189226433545580e-03
-5.7755732816564931e-01 -1.9915734575896787e-01 4.9189226433545580e-03
5.7740442885206722e-01 2.7874615250245527e-01 4.2078990032406883e-03
5.7740442885206722e-01 -2.7874615250245527e-01 4.2078990032406883e-03
-5.7740442885206722e-01 2.7874615250245527e-01 4.2078990032406883e-03
-5.7740442885206722e-01 -2.7874615250245527e-01 4.2078990032406883e-03
5.7717727449970557e-01 3.5824614215066380e-01 3.3640353071788375e-03
5.7717727449970557e-01 -3.5824614215066380e-01 3.3640353071788375e-03
-5.7717727449970557e-01 3.5824614215066380e-01 3.3640353071788375e-03
-5.7717727449970557e-01 -3.5824614215066380e-01 3.3640353071788375e-03
5.7684949104071415e-01 4.3760587945101437e-01 2.4713674246950481e-03
5.7684949104071415e-01 -4.3760587945101437e-01 2.4713674246950481e-03
-5.7684949104071415e-01 4.3760587945101437e-01 2.4713674246950481e-03
-5.7684949104071415e-01 -4.3760587945101437e-01 2.4713674246950481e-03
5.7637745398134399e-01 5.1674284469493525e-01 1.6244808337911912e-03
5.7637745398134399e-01 -5.1674284469493525e-01 1.6244808337911912e-03
-5.7637745398134399e-01 5.1674284469493525e-01 1.6244808337911912e-03
-5.7637745398134399e-01 -5.1674284469493525e-01 1.6244808337911912e-03
5.7568807596767790e-01 5.9551684909982361e-01 9.1518283774292273e-04
5.7568807596767790e-01 -5.9551684909982361e-01 9.1518283774292273e-04
-5.7568807596767790e-01 5.9551684909982361e-01 9.1518283774292273e-04
-5.7568807596767790e-01 -5.9551684909982361e-01 9.1518283774292273e-04
5.7465853955242530e-01 6.7367890760797067e-01 4.1120045338325956e-04
5.7465853955242530e-01 -6.7367890760797067e-01 4.1120045338325956e-04
-5.7465853955242530e-01 6.7367890760797067e-01 4.1120045338325956e-04
-5.7465853955242530e-01 -6.7367890760797067e-01 4.1120045338325956e-04
5.7309459337579083e-01 7.5078210661061950e-01 1.2987421592710647e-04
5.7309459337579083e-01 -7.5078210661061950e-01 1.2987421592710647e-04
-5.7309459337579083e-01 7.5078210661061950e-01 1.2987421592710647e-04
-5.7309459337579083e-01 -7.5078210661061950e-01 1.2987421592710647e-04
5.7077097932144916e-01 8.2609677783066471e-01 2.2832823198919134e-05
5.7077097932144916e-01 -8.2609677783066471e-01 2.2832823198919134e-05
-5.7077097932144916e-01 8.2609677783066471e-01 2.2832823198919134e-05
-5.7077097932144916e-01 -8.2609677783066471e-01 2.2832823198919134e-05
5.6771139071401511e-01 8.9891199665641575e-01 1.4036952662380135e-06
5.6771139071401511e-01 -8.9891199665641575e-01 1.4036952662380135e-06
-5.6771139071401511e-01 8.9891199665641575e-01 1.4036952662380135e-06
-5.6771139071401511e-01 -8.9891199665641575e-01 1.4036952662380135e-06
5.6449369874856470e-01 9.7043151547715945e-01 9.7247430605725455e-09
5.6449369874856470e-01 -9.7043151547715945e-01 9.7247430605725455e-09
-5.6449369874856470e-01 9.7043151547715945e-01 9.7247430605725455e-09
-5.6449369874856470e-01 -9.7043151547715945e-01 9.7247430605725455e-09
6.1663320743585004e-01 3.9782293120547416e-02 2.4713918401586205e-03
6.1663320743585004e-01 -3.9782293120547416e-02 2.4713918401586205e-03
-6.1663320743585004e-01 3.9782293120547416e-02 2.4713918401586205e-03
-6.1663320743585004e-01 -3.9782293120547416e-02 2.4713918401586205e-03
6.1655613099857254e-01 1.1933177747391034e-01 2.3137279798228164e-03
6.1655613099857254e-01 -1.1933177747391034e-01 2.3137279798228164e-03
-6.1655613099857254e-01 1.1933177747391034e-01 2.3137279798228164e-03
-6.1655613099857254e-01 -1.1933177747391034e-01 2.3137279798228164e-03
6.1639409396147715e-01 1.9883331058494735e-01 2.0185388355401577e-03
6.1639409396147715e-01 -1.9883331058494735e-01 2.0185388355401577e-03
-6.1639409396147715e-01 1.9883331058494735e-01 2.0185388355401577e-03
-6.1639409396147715e-01 -1.9883331058494735e-01 2.0185388355401577e-03
6.1612966551735182e-01 2.7824527040303737e-01 1.6245035793296932e-03
6.1612966551735182e-01 -2.7824527040303737e-01 1.6245035793296932e-03
-6.1612966551735182e-01 2.7824527040303737e-01 1.6245035793296932e-03
-6.1612966551735182e-01 -2.7824527040303737e-01 1.6245035793296932e-03
6.1573205779998685e-01 3.5750824211574850e-01 1.1850721394557628e-03
6.1573205779998685e-01 -3.5750824211574850e-01 1.1850721394557628e-03
-6.1573205779998685e-01 3.5750824211574850e-01 1.1850721394557628e-03
-6.1573205779998685e-01 -3.5750824211574850e-01 1.1850721394557628e-03
6.1515019461328080e-01 4.3652971838104820e-01 7.6145328689606337e-04
6.1515019461328080e-01 -4.3652971838104820e-01 7.6145328689606337e-04
-6.1515019461328080e-01 4.3652971838104820e-01 7.6145328689606337e-04
-6.1515019461328080e-01 -4.3652971838104820e-01 7.6145328689606337e-04
6.1430176664582747e-01 5.1515644309450592e-01 4.1120525537586400e-04
6.1430176664582747e-01 -5.1515644309450592e-01 4.1120525537586400e-04
-6.1430176664582747e-01 5.1515644309450592e-01 4.1120525537586400e-04
-6.1430176664582747e-01 -5.1515644309450592e-01 4.1120525537586400e-04
6.1306145577271487e-01 5.9312475987900759e-01 1.7256447646398624e-04
6.1306145577271487e-01 -5.9312475987900759e-01 1.7256447646398624e-04
-6.1306145577271487e-01 5.9312475987900759e-01 1.7256447646398624e-04
-6.1306145577271487e-01 -5.9312475987900759e-01 1.7256447646398624e-04
6.1127339902336264e-01 6.6998284635066341e-01 4.9115459878920643e-05
6.1127339902336264e-01 -6.6998284635066341e-01 4.9115459878920643e-05
-6.1127339902336264e-01 6.6998284635066341e-01 4.9115459878920643e-05
-6.1127339902336264e-01 -6.6998284635066341e-01 4.9115459878920643e-05
6.0887233260852314e-01 7.4503067789598920e-01 7.3914094183929794e-06
6.0887233260852314e-01 -7.4503067789598920e-01 7.3914094183929794e-06
-6.0887233260852314e-01 7.4503067789598920e-01 7.3914094183929794e-06
-6.0887233260852314e-01 -7.4503067789598920e-01 7.3914094183929794e-06
6.0613033774871483e-01 8.1767434182280507e-01 3.5567380758930332e-07
6.0613033774871483e-01 -8.1767434182280507e-01 3.5567380758930332e-07
-6.0613033774871483e-01 8.1767434182280507e-01 3.5567380758930332e-07
-6.0613033774871483e-01 -8.1767434182280507e-01 3.5567380758930332e-07
6.0350620874813887e-01 8.8947776551236102e-01 1.5153324376282830e-09
6.0350620874813887e-01 -8.8947776551236102e-01 1.5153324376282830e-09
-6.0350620874813887e-01 8.8947776551236102e-01 1.5153324376282830e-09
-6.0350620874813887e-01 -8.8947776551236102e-01 1.5153324376282830e-09
6.5470715804067170e-01 3.9675450633446768e-02 6.9196428038327204e-04
6.5470715804067170e-01 -3.9675450633446768e-02 6.9196428038327204e-04
-6.5470715804067170e-01 3.9675450633446768e-02 6.9196428038327204e-04
-6.5470715804067170e-01 -3.9675450633446768e-02 6.9196428038327204e-04
6.5456555478404488e-01 1.1899928964994383e-01 6.2714028718375658e-04
6.5456555478404488e-01 -1.1899928964994383e-01 6.2714028718375658e-04
-6.5456555478404488e-01 1.1899928964994383e-01 6.2714028718375658e-04
-6.5456555478404488e-01 -1.1899928964994383e-01 6.2714028718375658e-04
6.5426711734077303e-01 1.9823651388994618e-01 5.1085680312617013e-04
6.5426711734077303e-01 -1.9823651388994618e-01 5.1085680312617013e-04
-6.5426711734077303e-01 1.9823651388994618e-01 5.1085680312617013e-04
-6.5426711734077303e-01 -1.9823651388994618e-01 5.1085680312617013e-04
6.5377899202423329e-01 2.7730949363618329e-01 3.6717947818279629e-04
6.5377899202423329e-01 -2.7730949363618329e-01 3.6717947818279629e-04
-6.5377899202423329e-01 2.7730949363618329e-01 3.6717947818279629e-04
-6.5377899202423329e-01 -2.7730949363618329e-01 3.6717947818279629e-04
6.5304660664114544e-01 3.5610382777586225e-01 2.2538969289565992e-04
6.5304660664114544e-01 -3.5610382777586225e-01 2.2538969289565992e-04
-6.5304660664114544e-01 3.5610382777586225e-01 2.2538969289565992e-04
-6.5304660664114544e-01 -3.5610382777586225e-01 2.2538969289565992e-04
6.5199179138407337e-01 4.3443739451762353e-01 1.1185377062720594e-04
6.5199179138407337e-01 -4.3443739451762353e-01 1.1185377062720594e-04
-6.5199179138407337e-01 4.3443739451762353e-01 1.1185377062720594e-04
-6.5199179138407337e-01 -4.3443739451762353e-01 1.1185377062720594e-04
6.5052831796018173e-01 5.1200840243150247e-01 4.0912189434475536e-05
6.5052831796018173e-01 -5.1200840243150247e-01 4.0912189434475536e-05
-6.5052831796018173e-01 5.1200840243150247e-01 4.0912189434475536e-05
-6.5052831796018173e-01 -5.1200840243150247e-01 4.0912189434475536e-05
6.4863109054319634e-01 5.8831591464984001e-01 9.3835786655957888e-06
6.4863109054319634e-01 -5.8831591464984001e-01 9.3835786655957888e-06
-6.4863109054319634e-01 5.8831591464984001e-01 9.3835786655957888e-06
-6.4863109054319634e-01 -5.8831591464984001e-01 9.3835786655957888e-06
6.4645695873605047e-01 6.6262956223299374e-01 9.9618673778683045e-07
6.4645695873605047e-01 -6.6262956223299374e-01 9.9618673778683045e-07
-6.4645695873605047e-01 6.6262956223299374e-01 9.9618673778683045e-07
-6.4645695873605047e-01 -6.6262956223299374e-01 9.9618673778683045e-07
6.4429164623821700e-01 7.3481093357610527e-01 2.5486020848538797e-08
6.4429164623821700e-01 -7.3481093357610527e-01 2.5486020848538797e-08
-6.4429164623821700e-01 7.3481093357610527e-01 2.5486020848538797e-08
-6.4429164623821700e-01 -7.3481093357610527e-01 2.5486020848538797e-08
6.4230034133908886e-01 8.0728725585867878e-01 2.4859632981360622e-11
6.4230034133908886e-01 -8.0728725585867878e-01 2.4859632981360622e-11
-6.4230034133908886e-01 8.0728725585867878e-01 2.4859632981360622e-11
-6.4230034133908886e-01 -8.0728725585867878e-01 2.4859632981360622e-11
6.9107165110680069e-01 3.9456847561307337e-02 8.1740523149271516e-05
6.9107165110680069e-01 -3.9456847561307337e-02 8.1740523149271516e-05
-6.9107165110680069e-01 3.9456847561307337e-02 8.1740523149271516e-05
-6.9107165110680069e-01 -3.9456847561307337e-02 8.1740523149271516e-05
6.9082255741024101e-01 1.1831549618187852e-01 6.9333022220056722e-05
6.9082255741024101e-01 -1.1831549618187852e-01 6.9333022220056722e-05
-6.9082255741024101e-01 1.1831549618187852e-01 6.9333022220056722e-05
-6.9082255741024101e-01 -1.1831549618187852e-01 6.9333022220056722e-05
6.9030933039406805e-01 1.9699661117877626e-01 4.9034622120707677e-05
6.9030933039406805e-01 -1.9699661117877626e-01 4.9034622120707677e-05
-6.9030933039406805e-01 1.9699661117877626e-01 4.9034622120707677e-05
-6.9030933039406805e-01 -1.9699661117877626e-01 4.9034622120707677e-05
6.8950856517356263e-01 2.7533606549647899e-01 2.7823509600071215e-05
6.8950856517356263e-01 -2.7533606549647899e-01 2.7823509600071215e-05
-6.8950856517356263e-01 2.7533606549647899e-01 2.7823509600071215e-05
-6.8950856517356263e-01 -2.7533606549647899e-01 2.7823509600071215e-05
6.8840768485977355e-01 3.5308328272818729e-01 1.1806994887116766e-05
6.8840768485977355e-01 -3.5308328272818729e-01 1.1806994887116766e-05
-6.8840768485977355e-01 3.5308328272818729e-01 1.1806994887116766e-05
-6.8840768485977355e-01 -3.5308328272818729e-01 1.1806994887116766e-05
6.8704017056389921e-01 4.2982643933530679e-01 3.3068840583243433e-06
6.8704017056389921e-01 -4.2982643933530679e-01 3.3068840583243433e-06
-6.8704017056389921e-01 4.2982643933530679e-01 3.3068840583243433e-06
-6.8704017056389921e-01 -4.2982643933530679e-01 3.3068840583243433e-06
6.8550925017145625e-01 5.0492338019925442e-01 4.8489638566682417e-07
6.8550925017145625e-01 -5.0492338019925442e-01 4.8489638566682417e-07
-6.8550925017145625e-01 5.0492338019925442e-01 4.8489638566682417e-07
-6.8550925017145625e-01 -5.0492338019925442e-01 4.8489638566682417e-07
6.8394511699213900e-01 5.7788667089914325e-01 2.3312121798554197e-08
6.8394511699213900e-01 -5.7788667089914325e-01 2.3312121798554197e-08
-6.8394511699213900e-01 5.7788667089914325e-01 2.3312121798554197e-08
-6.8394511699213900e-01 -5.7788667089914325e-01 2.3312121798554197e-08
6.8243473127861609e-01 6.5012077058830642e-01 1.1920254630772605e-10
6.8243473127861609e-01 -6.5012077058830642e-01 1.1920254630772605e-10
-6.8243473127861609e-01 6.5012077058830642e-01 1.1920254630772605e-10
-6.8243473127861609e-01 -6.5012077058830642e-01 1.1920254630772605e-10
7.2579978709673310e-01 3.8905891587453167e-02 1.3109797111075827e-06
7.2579978709673310e-01 -3.8905891587453167e-02 1.3109797111075827e-06
-7.2579978709673310e-01 3.8905891587453167e-02 1.3109797111075827e-06
-7.2579978709673310e-01 -3.8905891587453167e-02 1.3109797111075827e-06
7.2555255151417397e-01 1.1657025511716633e-01 9.4139670170602663e-07
7.2555255151417397e-01 -1.1657025511716633e-01 9.4139670170602663e-07
-7.2555255151417397e-01 1.1657025511716633e-01 9.4139670170602663e-07
-7.2555255151417397e-01 -1.1657025511716633e-01 9.4139670170602663e-07
7.2507349860988324e-01 1.9375080055945201e-01 4.6267090331401559e-07
7.2507349860988324e-01 -1.9375080055945201e-01 4.6267090331401559e-07
-7.2507349860988324e-01 1.9375080055945201e-01 4.6267090331401559e-07
-7.2507349860988324e-01 -1.9375080055945201e-01 4.6267090331401559e-07
7.2439560957187565e-01 2.6998497200995991e-01 1.3886879010031388e-07
7.2439560957187565e-01 -2.6998497200995991e-01 1.3886879010031388e-07
-7.2439560957187565e-01 2.6998497200995991e-01 1.3886879010031388e-07
-7.2439560957187565e-01 -2.6998497200995991e-01 1.3886879010031388e-07
7.2357098414639009e-01 3.4466399776151929e-01 2.0262717198792042e-08
7.2357098414639009e-01 -3.4466399776151929e-01 2.0262717198792042e-08
-7.2357098414639009e-01 3.4466399776151929e-01 2.0262717198792042e-08
-7.2357098414639009e-01 -3.4466399776151929e-01 2.0262717198792042e-08
7.2266388851494967e-01 4.1751229070712870e-01 9.0348026201245804e-10
7.2266388851494967e-01 -4.1751229070712870e-01 9.0348026201245804e-10
-7.2266388851494967e-01 4.1751229070712870e-01 9.0348026201245804e-10
-7.2266388851494967e-01 -4.1751229070712870e-01 9.0348026201245804e-10
7.2172973741554292e-01 4.9003604866417155e-01 4.1112851324059826e-12
7.2172973741554292e-01 -4.9003604866417155e-01 4.1112851324059826e-12
-7.2172973741554292e-01 4.9003604866417155e-01 4.1112851324059826e-12
-7.2172973741554292e-01 -4.9003604866417155e-01 4.1112851324059826e-12
7.6165753285628091e-01 3.6254095653537176e-02 1.3518706546297997e-11
7.6165753285628091e-01 -3.6254095653537176e-02 1.3518706546297997e-11
-7.6165753285628091e-01 3.6254095653537176e-02 1.3518706546297997e-11
-7.6165753285628091e-01 -3.6254095653537176e-02 1.3518706546297997e-11
7.6153257312823996e-01 1.0830214963604561e-01 4.4495000226486353e-12
7.6153257312823996e-01 -1.0830214963604561e-01 4.4495000226486353e-12
-7.6153257312823996e-01 1.0830214963604561e-01 4.4495000226486353e-12
-7.6153257312823996e-01 -1.0830214963604561e-01 4.4495000226486353e-12
